1.612500000000000000e+02
1.612500000000000000e+02
1.615000000000000000e+02
1.600000000000000000e+02
1.600000000000000000e+02
1.622500000000000000e+02
1.600000000000000000e+02
1.600000000000000000e+02
1.592500000000000000e+02
1.602500000000000000e+02
1.602500000000000000e+02
1.612500000000000000e+02
1.615000000000000000e+02
1.615000000000000000e+02
1.630000000000000000e+02
1.637500000000000000e+02
1.637500000000000000e+02
1.640000000000000000e+02
1.640000000000000000e+02
1.640000000000000000e+02
1.655000000000000000e+02
1.657500000000000000e+02
1.657500000000000000e+02
1.670000000000000000e+02
1.657500000000000000e+02
1.657500000000000000e+02
1.670000000000000000e+02
1.660000000000000000e+02
1.647500000000000000e+02
1.647500000000000000e+02
1.647500000000000000e+02
1.632500000000000000e+02
1.632500000000000000e+02
1.637500000000000000e+02
1.650000000000000000e+02
1.650000000000000000e+02
1.662500000000000000e+02
1.675000000000000000e+02
1.675000000000000000e+02
1.667500000000000000e+02
1.660000000000000000e+02
1.662500000000000000e+02
1.662500000000000000e+02
1.655000000000000000e+02
1.677500000000000000e+02
1.677500000000000000e+02
1.647500000000000000e+02
1.655000000000000000e+02
1.655000000000000000e+02
1.650000000000000000e+02
1.630000000000000000e+02
1.630000000000000000e+02
1.640000000000000000e+02
1.650000000000000000e+02
1.655000000000000000e+02
1.655000000000000000e+02
1.637500000000000000e+02
1.630000000000000000e+02
1.630000000000000000e+02
1.635000000000000000e+02
1.617500000000000000e+02
1.617500000000000000e+02
1.622500000000000000e+02
1.600000000000000000e+02
1.600000000000000000e+02
1.605000000000000000e+02
1.615000000000000000e+02
1.615000000000000000e+02
1.612500000000000000e+02
1.622500000000000000e+02
1.622500000000000000e+02
1.617500000000000000e+02
1.617500000000000000e+02
1.617500000000000000e+02
1.630000000000000000e+02
1.635000000000000000e+02
1.635000000000000000e+02
1.647500000000000000e+02
1.632500000000000000e+02
1.632500000000000000e+02
1.647500000000000000e+02
1.635000000000000000e+02
1.635000000000000000e+02
1.640000000000000000e+02
1.670000000000000000e+02
1.632500000000000000e+02
1.632500000000000000e+02
1.630000000000000000e+02
1.645000000000000000e+02
1.645000000000000000e+02
1.642500000000000000e+02
1.670000000000000000e+02
1.670000000000000000e+02
1.655000000000000000e+02
1.662500000000000000e+02
1.662500000000000000e+02
1.650000000000000000e+02
1.652500000000000000e+02
1.652500000000000000e+02
1.660000000000000000e+02
1.660000000000000000e+02
1.690000000000000000e+02
1.690000000000000000e+02
1.670000000000000000e+02
1.677500000000000000e+02
1.677500000000000000e+02
1.642500000000000000e+02
1.662500000000000000e+02
1.662500000000000000e+02
1.670000000000000000e+02
1.645000000000000000e+02
1.645000000000000000e+02
1.655000000000000000e+02
1.662500000000000000e+02
1.652500000000000000e+02
1.652500000000000000e+02
1.657500000000000000e+02
1.640000000000000000e+02
1.640000000000000000e+02
1.657500000000000000e+02
1.645000000000000000e+02
1.645000000000000000e+02
1.655000000000000000e+02
1.665000000000000000e+02
1.665000000000000000e+02
1.652500000000000000e+02
1.657500000000000000e+02
1.657500000000000000e+02
1.660000000000000000e+02
1.662500000000000000e+02
1.652500000000000000e+02
1.652500000000000000e+02
1.670000000000000000e+02
1.672500000000000000e+02
1.672500000000000000e+02
1.677500000000000000e+02
1.682500000000000000e+02
1.682500000000000000e+02
1.680000000000000000e+02
1.682500000000000000e+02
1.687500000000000000e+02
1.687500000000000000e+02
1.690000000000000000e+02
1.692500000000000000e+02
1.692500000000000000e+02
1.675000000000000000e+02
1.692500000000000000e+02
1.692500000000000000e+02
1.692500000000000000e+02
1.685000000000000000e+02
1.692500000000000000e+02
1.692500000000000000e+02
1.692500000000000000e+02
1.707500000000000000e+02
1.707500000000000000e+02
1.707500000000000000e+02
1.730000000000000000e+02
1.682500000000000000e+02
1.682500000000000000e+02
1.690000000000000000e+02
1.702500000000000000e+02
1.702500000000000000e+02
1.707500000000000000e+02
1.710000000000000000e+02
1.700000000000000000e+02
1.700000000000000000e+02
1.705000000000000000e+02
1.705000000000000000e+02
1.705000000000000000e+02
1.712500000000000000e+02
1.685000000000000000e+02
1.692500000000000000e+02
1.692500000000000000e+02
1.700000000000000000e+02
1.697500000000000000e+02
1.697500000000000000e+02
1.702500000000000000e+02
1.692500000000000000e+02
1.697500000000000000e+02
1.697500000000000000e+02
1.697500000000000000e+02
1.685000000000000000e+02
1.685000000000000000e+02
1.705000000000000000e+02
1.712500000000000000e+02
1.712500000000000000e+02
1.722500000000000000e+02
1.707500000000000000e+02
1.720000000000000000e+02
1.720000000000000000e+02
1.722500000000000000e+02
1.722500000000000000e+02
1.722500000000000000e+02
1.720000000000000000e+02
1.710000000000000000e+02
1.710000000000000000e+02
1.710000000000000000e+02
1.720000000000000000e+02
1.717500000000000000e+02
1.717500000000000000e+02
1.717500000000000000e+02
1.715000000000000000e+02
1.710000000000000000e+02
1.710000000000000000e+02
1.722500000000000000e+02
1.707500000000000000e+02
1.707500000000000000e+02
1.717500000000000000e+02
1.720000000000000000e+02
1.725000000000000000e+02
1.725000000000000000e+02
1.722500000000000000e+02
1.727500000000000000e+02
1.727500000000000000e+02
1.722500000000000000e+02
1.727500000000000000e+02
1.715000000000000000e+02
1.715000000000000000e+02
1.732500000000000000e+02
1.745000000000000000e+02
1.727500000000000000e+02
1.727500000000000000e+02
1.735000000000000000e+02
1.730000000000000000e+02
1.730000000000000000e+02
1.722500000000000000e+02
1.730000000000000000e+02
1.732500000000000000e+02
1.732500000000000000e+02
1.720000000000000000e+02
1.737500000000000000e+02
1.737500000000000000e+02
1.737500000000000000e+02
1.727500000000000000e+02
1.740000000000000000e+02
1.740000000000000000e+02
1.740000000000000000e+02
1.730000000000000000e+02
1.735000000000000000e+02
1.735000000000000000e+02
1.740000000000000000e+02
1.742500000000000000e+02
1.742500000000000000e+02
1.732500000000000000e+02
1.725000000000000000e+02
1.700000000000000000e+02
1.700000000000000000e+02
1.692500000000000000e+02
1.697500000000000000e+02
1.697500000000000000e+02
1.700000000000000000e+02
1.695000000000000000e+02
1.675000000000000000e+02
1.675000000000000000e+02
1.670000000000000000e+02
1.675000000000000000e+02
1.675000000000000000e+02
1.672500000000000000e+02
1.670000000000000000e+02
1.670000000000000000e+02
1.665000000000000000e+02
1.652500000000000000e+02
1.652500000000000000e+02
1.680000000000000000e+02
1.675000000000000000e+02
1.695000000000000000e+02
1.695000000000000000e+02
1.652500000000000000e+02
1.680000000000000000e+02
1.680000000000000000e+02
1.677500000000000000e+02
1.680000000000000000e+02
1.670000000000000000e+02
1.670000000000000000e+02
1.675000000000000000e+02
1.670000000000000000e+02
1.670000000000000000e+02
1.657500000000000000e+02
1.692500000000000000e+02
1.692500000000000000e+02
1.687500000000000000e+02
1.677500000000000000e+02
1.677500000000000000e+02
1.662500000000000000e+02
1.672500000000000000e+02
1.672500000000000000e+02
1.660000000000000000e+02
1.630000000000000000e+02
1.642500000000000000e+02
1.642500000000000000e+02
1.640000000000000000e+02
1.657500000000000000e+02
1.657500000000000000e+02
1.657500000000000000e+02
1.655000000000000000e+02
1.655000000000000000e+02
1.650000000000000000e+02
1.632500000000000000e+02
1.632500000000000000e+02
1.640000000000000000e+02
1.625000000000000000e+02
1.625000000000000000e+02
1.640000000000000000e+02
1.625000000000000000e+02
1.605000000000000000e+02
1.605000000000000000e+02
1.602500000000000000e+02
1.587500000000000000e+02
1.587500000000000000e+02
1.585000000000000000e+02
1.585000000000000000e+02
1.600000000000000000e+02
1.605000000000000000e+02
1.605000000000000000e+02
1.595000000000000000e+02
1.612500000000000000e+02
1.612500000000000000e+02
1.610000000000000000e+02
1.632500000000000000e+02
1.632500000000000000e+02
1.650000000000000000e+02
1.640000000000000000e+02
1.652500000000000000e+02
1.652500000000000000e+02
1.635000000000000000e+02
1.645000000000000000e+02
1.645000000000000000e+02
1.647500000000000000e+02
1.640000000000000000e+02
1.640000000000000000e+02
1.640000000000000000e+02
1.620000000000000000e+02
1.620000000000000000e+02
1.642500000000000000e+02
1.622500000000000000e+02
1.627500000000000000e+02
1.627500000000000000e+02
1.612500000000000000e+02
1.612500000000000000e+02
1.630000000000000000e+02
1.630000000000000000e+02
1.630000000000000000e+02
1.647500000000000000e+02
1.645000000000000000e+02
1.650000000000000000e+02
1.650000000000000000e+02
1.647500000000000000e+02
1.642500000000000000e+02
1.642500000000000000e+02
1.637500000000000000e+02
1.605000000000000000e+02
1.605000000000000000e+02
1.637500000000000000e+02
1.642500000000000000e+02
1.642500000000000000e+02
1.640000000000000000e+02
1.605000000000000000e+02
1.605000000000000000e+02
1.607500000000000000e+02
1.617500000000000000e+02
1.617500000000000000e+02
1.617500000000000000e+02
1.622500000000000000e+02
1.622500000000000000e+02
1.625000000000000000e+02
1.627500000000000000e+02
1.632500000000000000e+02
1.632500000000000000e+02
1.645000000000000000e+02
1.645000000000000000e+02
1.645000000000000000e+02
1.647500000000000000e+02
1.647500000000000000e+02
1.647500000000000000e+02
1.650000000000000000e+02
1.642500000000000000e+02
1.642500000000000000e+02
1.615000000000000000e+02
1.565000000000000000e+02
1.565000000000000000e+02
1.557500000000000000e+02
1.587500000000000000e+02
1.587500000000000000e+02
1.597500000000000000e+02
1.615000000000000000e+02
1.615000000000000000e+02
1.615000000000000000e+02
1.602500000000000000e+02
1.602500000000000000e+02
1.592500000000000000e+02
1.602500000000000000e+02
1.602500000000000000e+02
1.590000000000000000e+02
1.602500000000000000e+02
1.602500000000000000e+02
1.622500000000000000e+02
1.595000000000000000e+02
1.595000000000000000e+02
1.600000000000000000e+02
1.600000000000000000e+02
1.600000000000000000e+02
1.595000000000000000e+02
1.590000000000000000e+02
1.590000000000000000e+02
1.572500000000000000e+02
1.572500000000000000e+02
1.545000000000000000e+02
1.545000000000000000e+02
1.545000000000000000e+02
1.562500000000000000e+02
1.567500000000000000e+02
1.567500000000000000e+02
1.557500000000000000e+02
1.552500000000000000e+02
1.552500000000000000e+02
1.530000000000000000e+02
1.537500000000000000e+02
1.537500000000000000e+02
1.517500000000000000e+02
1.505000000000000000e+02
1.505000000000000000e+02
1.492500000000000000e+02
1.492500000000000000e+02
1.492500000000000000e+02
1.495000000000000000e+02
1.495000000000000000e+02
1.477500000000000000e+02
1.475000000000000000e+02
1.475000000000000000e+02
1.477500000000000000e+02
1.477500000000000000e+02
1.507500000000000000e+02
1.495000000000000000e+02
1.495000000000000000e+02
1.472500000000000000e+02
1.480000000000000000e+02
1.480000000000000000e+02
1.435000000000000000e+02
1.435000000000000000e+02
1.425000000000000000e+02
1.425000000000000000e+02
1.440000000000000000e+02
1.405000000000000000e+02
1.405000000000000000e+02
1.292500000000000000e+02
1.292500000000000000e+02
1.292500000000000000e+02
1.292500000000000000e+02
1.292500000000000000e+02
1.057500000000000000e+02
1.057500000000000000e+02
1.142500000000000000e+02
1.142500000000000000e+02
1.297500000000000000e+02
1.297500000000000000e+02
1.322500000000000000e+02
1.322500000000000000e+02
1.375000000000000000e+02
1.402500000000000000e+02
1.402500000000000000e+02
1.410000000000000000e+02
1.410000000000000000e+02
1.457500000000000000e+02
1.460000000000000000e+02
1.460000000000000000e+02
1.412500000000000000e+02
1.412500000000000000e+02
1.437500000000000000e+02
1.410000000000000000e+02
1.410000000000000000e+02
1.335000000000000000e+02
1.335000000000000000e+02
1.170000000000000000e+02
1.170000000000000000e+02
1.235000000000000000e+02
1.235000000000000000e+02
1.352500000000000000e+02
1.352500000000000000e+02
1.402500000000000000e+02
1.402500000000000000e+02
1.275000000000000000e+02
1.255000000000000000e+02
1.255000000000000000e+02
1.347500000000000000e+02
1.347500000000000000e+02
1.387500000000000000e+02
1.387500000000000000e+02
1.410000000000000000e+02
1.442500000000000000e+02
1.442500000000000000e+02
1.435000000000000000e+02
1.435000000000000000e+02
1.390000000000000000e+02
1.380000000000000000e+02
1.380000000000000000e+02
1.367500000000000000e+02
1.367500000000000000e+02
1.317500000000000000e+02
1.317500000000000000e+02
1.275000000000000000e+02
1.275000000000000000e+02
1.355000000000000000e+02
1.430000000000000000e+02
1.430000000000000000e+02
1.465000000000000000e+02
1.465000000000000000e+02
1.490000000000000000e+02
1.495000000000000000e+02
1.495000000000000000e+02
1.510000000000000000e+02
1.555000000000000000e+02
1.555000000000000000e+02
1.557500000000000000e+02
1.562500000000000000e+02
1.562500000000000000e+02
1.517500000000000000e+02
1.517500000000000000e+02
1.487500000000000000e+02
1.352500000000000000e+02
1.352500000000000000e+02
1.212500000000000000e+02
1.212500000000000000e+02
1.302500000000000000e+02
1.302500000000000000e+02
1.352500000000000000e+02
1.352500000000000000e+02
1.405000000000000000e+02
1.450000000000000000e+02
1.450000000000000000e+02
1.367500000000000000e+02
1.367500000000000000e+02
1.357500000000000000e+02
1.357500000000000000e+02
1.350000000000000000e+02
1.412500000000000000e+02
1.412500000000000000e+02
1.395000000000000000e+02
1.395000000000000000e+02
1.310000000000000000e+02
1.310000000000000000e+02
1.310000000000000000e+02
1.310000000000000000e+02
1.095000000000000000e+02
1.095000000000000000e+02
1.095000000000000000e+02
1.075000000000000000e+02
1.075000000000000000e+02
1.197500000000000000e+02
1.197500000000000000e+02
1.300000000000000000e+02
1.395000000000000000e+02
1.395000000000000000e+02
1.440000000000000000e+02
1.440000000000000000e+02
1.427500000000000000e+02
1.442500000000000000e+02
1.442500000000000000e+02
1.465000000000000000e+02
1.470000000000000000e+02
1.470000000000000000e+02
1.487500000000000000e+02
1.487500000000000000e+02
1.492500000000000000e+02
1.520000000000000000e+02
1.520000000000000000e+02
1.527500000000000000e+02
1.547500000000000000e+02
1.547500000000000000e+02
1.575000000000000000e+02
1.575000000000000000e+02
1.575000000000000000e+02
1.590000000000000000e+02
1.585000000000000000e+02
1.585000000000000000e+02
1.602500000000000000e+02
1.602500000000000000e+02
1.565000000000000000e+02
1.605000000000000000e+02
1.605000000000000000e+02
1.615000000000000000e+02
1.595000000000000000e+02
1.595000000000000000e+02
1.595000000000000000e+02
1.595000000000000000e+02
1.595000000000000000e+02
1.602500000000000000e+02
1.592500000000000000e+02
1.560000000000000000e+02
1.560000000000000000e+02
1.567500000000000000e+02
1.567500000000000000e+02
1.562500000000000000e+02
1.552500000000000000e+02
1.552500000000000000e+02
1.527500000000000000e+02
1.542500000000000000e+02
1.542500000000000000e+02
1.550000000000000000e+02
1.555000000000000000e+02
1.555000000000000000e+02
1.562500000000000000e+02
1.562500000000000000e+02
1.585000000000000000e+02
1.575000000000000000e+02
1.610000000000000000e+02
1.610000000000000000e+02
1.610000000000000000e+02
1.610000000000000000e+02
1.585000000000000000e+02
1.595000000000000000e+02
1.595000000000000000e+02
1.610000000000000000e+02
1.625000000000000000e+02
1.622500000000000000e+02
1.622500000000000000e+02
1.622500000000000000e+02
1.600000000000000000e+02
1.600000000000000000e+02
1.572500000000000000e+02
1.610000000000000000e+02
1.610000000000000000e+02
1.612500000000000000e+02
1.625000000000000000e+02
1.625000000000000000e+02
1.607500000000000000e+02
1.612500000000000000e+02
1.612500000000000000e+02
1.627500000000000000e+02
1.635000000000000000e+02
1.635000000000000000e+02
1.650000000000000000e+02
1.655000000000000000e+02
1.655000000000000000e+02
1.660000000000000000e+02
1.660000000000000000e+02
1.660000000000000000e+02
1.670000000000000000e+02
1.652500000000000000e+02
1.652500000000000000e+02
1.675000000000000000e+02
1.662500000000000000e+02
1.665000000000000000e+02
1.665000000000000000e+02
1.645000000000000000e+02
1.660000000000000000e+02
1.660000000000000000e+02
1.647500000000000000e+02
1.657500000000000000e+02
1.657500000000000000e+02
1.660000000000000000e+02
1.650000000000000000e+02
1.642500000000000000e+02
1.642500000000000000e+02
1.642500000000000000e+02
1.635000000000000000e+02
1.635000000000000000e+02
1.642500000000000000e+02
1.660000000000000000e+02
1.660000000000000000e+02
1.657500000000000000e+02
1.637500000000000000e+02
1.637500000000000000e+02
1.652500000000000000e+02
1.675000000000000000e+02
1.675000000000000000e+02
1.630000000000000000e+02
1.655000000000000000e+02
1.655000000000000000e+02
1.662500000000000000e+02
1.640000000000000000e+02
1.652500000000000000e+02
1.652500000000000000e+02
1.670000000000000000e+02
1.667500000000000000e+02
1.667500000000000000e+02
1.690000000000000000e+02
1.690000000000000000e+02
1.690000000000000000e+02
1.662500000000000000e+02
1.697500000000000000e+02
1.692500000000000000e+02
1.692500000000000000e+02
1.690000000000000000e+02
1.692500000000000000e+02
1.692500000000000000e+02
1.657500000000000000e+02
1.662500000000000000e+02
1.682500000000000000e+02
1.682500000000000000e+02
1.665000000000000000e+02
1.675000000000000000e+02
1.675000000000000000e+02
1.682500000000000000e+02
1.687500000000000000e+02
1.687500000000000000e+02
1.705000000000000000e+02
1.715000000000000000e+02
1.715000000000000000e+02
1.715000000000000000e+02
1.710000000000000000e+02
1.712500000000000000e+02
1.712500000000000000e+02
1.672500000000000000e+02
1.682500000000000000e+02
1.682500000000000000e+02
1.685000000000000000e+02
1.700000000000000000e+02
1.690000000000000000e+02
1.690000000000000000e+02
1.687500000000000000e+02
1.692500000000000000e+02
1.692500000000000000e+02
1.692500000000000000e+02
1.697500000000000000e+02
1.705000000000000000e+02
1.705000000000000000e+02
1.692500000000000000e+02
1.702500000000000000e+02
1.702500000000000000e+02
1.720000000000000000e+02
1.725000000000000000e+02
1.725000000000000000e+02
1.725000000000000000e+02
1.735000000000000000e+02
1.735000000000000000e+02
1.735000000000000000e+02
1.717500000000000000e+02
1.730000000000000000e+02
1.730000000000000000e+02
1.730000000000000000e+02
1.727500000000000000e+02
1.730000000000000000e+02
1.730000000000000000e+02
1.720000000000000000e+02
1.725000000000000000e+02
1.732500000000000000e+02
1.732500000000000000e+02
1.737500000000000000e+02
1.727500000000000000e+02
1.727500000000000000e+02
1.720000000000000000e+02
1.717500000000000000e+02
1.730000000000000000e+02
1.730000000000000000e+02
1.717500000000000000e+02
1.717500000000000000e+02
1.725000000000000000e+02
1.725000000000000000e+02
1.735000000000000000e+02
1.720000000000000000e+02
1.720000000000000000e+02
1.717500000000000000e+02
1.735000000000000000e+02
1.710000000000000000e+02
1.710000000000000000e+02
1.735000000000000000e+02
1.712500000000000000e+02
1.712500000000000000e+02
1.760000000000000000e+02
1.702500000000000000e+02
1.735000000000000000e+02
1.735000000000000000e+02
1.735000000000000000e+02
1.727500000000000000e+02
1.727500000000000000e+02
1.730000000000000000e+02
1.732500000000000000e+02
1.740000000000000000e+02
1.740000000000000000e+02
1.762500000000000000e+02
1.712500000000000000e+02
1.712500000000000000e+02
1.745000000000000000e+02
1.752500000000000000e+02
1.740000000000000000e+02
1.740000000000000000e+02
1.747500000000000000e+02
1.735000000000000000e+02
1.750000000000000000e+02
1.750000000000000000e+02
1.755000000000000000e+02
1.732500000000000000e+02
1.747500000000000000e+02
1.747500000000000000e+02
1.735000000000000000e+02
1.735000000000000000e+02
1.735000000000000000e+02
1.755000000000000000e+02
1.737500000000000000e+02
1.752500000000000000e+02
1.752500000000000000e+02
1.757500000000000000e+02
1.750000000000000000e+02
1.750000000000000000e+02
1.750000000000000000e+02
1.740000000000000000e+02
1.755000000000000000e+02
1.755000000000000000e+02
1.745000000000000000e+02
1.747500000000000000e+02
1.745000000000000000e+02
1.745000000000000000e+02
1.745000000000000000e+02
1.742500000000000000e+02
1.742500000000000000e+02
1.750000000000000000e+02
1.757500000000000000e+02
1.760000000000000000e+02
1.760000000000000000e+02
1.750000000000000000e+02
1.762500000000000000e+02
1.752500000000000000e+02
1.752500000000000000e+02
1.765000000000000000e+02
1.732500000000000000e+02
1.765000000000000000e+02
1.765000000000000000e+02
1.772500000000000000e+02
1.782500000000000000e+02
1.777500000000000000e+02
1.777500000000000000e+02
1.780000000000000000e+02
1.775000000000000000e+02
1.775000000000000000e+02
1.775000000000000000e+02
1.782500000000000000e+02
1.780000000000000000e+02
1.780000000000000000e+02
1.767500000000000000e+02
1.772500000000000000e+02
1.775000000000000000e+02
1.775000000000000000e+02
1.775000000000000000e+02
1.770000000000000000e+02
1.760000000000000000e+02
1.760000000000000000e+02
1.765000000000000000e+02
1.745000000000000000e+02
1.762500000000000000e+02
1.762500000000000000e+02
1.760000000000000000e+02
1.762500000000000000e+02
1.760000000000000000e+02
1.760000000000000000e+02
1.760000000000000000e+02
1.767500000000000000e+02
1.767500000000000000e+02
1.767500000000000000e+02
1.785000000000000000e+02
1.742500000000000000e+02
1.742500000000000000e+02
1.757500000000000000e+02
1.742500000000000000e+02
1.750000000000000000e+02
1.750000000000000000e+02
1.760000000000000000e+02
1.757500000000000000e+02
1.757500000000000000e+02
1.755000000000000000e+02
1.757500000000000000e+02
1.757500000000000000e+02
1.757500000000000000e+02
1.762500000000000000e+02
1.757500000000000000e+02
1.765000000000000000e+02
1.765000000000000000e+02
1.765000000000000000e+02
1.765000000000000000e+02
1.765000000000000000e+02
1.762500000000000000e+02
1.767500000000000000e+02
1.770000000000000000e+02
1.765000000000000000e+02
1.765000000000000000e+02
1.765000000000000000e+02
1.752500000000000000e+02
1.757500000000000000e+02
1.757500000000000000e+02
1.757500000000000000e+02
1.760000000000000000e+02
1.760000000000000000e+02
1.752500000000000000e+02
1.752500000000000000e+02
1.757500000000000000e+02
1.757500000000000000e+02
1.737500000000000000e+02
1.740000000000000000e+02
1.740000000000000000e+02
1.730000000000000000e+02
1.697500000000000000e+02
1.695000000000000000e+02
1.695000000000000000e+02
1.715000000000000000e+02
1.727500000000000000e+02
1.727500000000000000e+02
1.725000000000000000e+02
1.717500000000000000e+02
1.725000000000000000e+02
1.725000000000000000e+02
1.715000000000000000e+02
1.725000000000000000e+02
1.720000000000000000e+02
1.720000000000000000e+02
1.712500000000000000e+02
1.722500000000000000e+02
1.722500000000000000e+02
1.717500000000000000e+02
1.732500000000000000e+02
1.722500000000000000e+02
1.722500000000000000e+02
1.717500000000000000e+02
1.730000000000000000e+02
1.730000000000000000e+02
1.695000000000000000e+02
1.712500000000000000e+02
1.717500000000000000e+02
1.717500000000000000e+02
1.722500000000000000e+02
1.720000000000000000e+02
1.720000000000000000e+02
1.717500000000000000e+02
1.717500000000000000e+02
1.717500000000000000e+02
1.725000000000000000e+02
1.727500000000000000e+02
1.717500000000000000e+02
1.717500000000000000e+02
1.725000000000000000e+02
1.722500000000000000e+02
1.720000000000000000e+02
1.720000000000000000e+02
1.720000000000000000e+02
1.720000000000000000e+02
1.720000000000000000e+02
1.730000000000000000e+02
1.712500000000000000e+02
1.717500000000000000e+02
1.717500000000000000e+02
1.712500000000000000e+02
1.720000000000000000e+02
1.715000000000000000e+02
1.715000000000000000e+02
1.712500000000000000e+02
1.712500000000000000e+02
1.712500000000000000e+02
1.717500000000000000e+02
1.712500000000000000e+02
1.712500000000000000e+02
1.712500000000000000e+02
1.710000000000000000e+02
1.702500000000000000e+02
1.702500000000000000e+02
1.707500000000000000e+02
1.712500000000000000e+02
1.712500000000000000e+02
1.712500000000000000e+02
1.710000000000000000e+02
1.710000000000000000e+02
1.715000000000000000e+02
1.710000000000000000e+02
1.712500000000000000e+02
1.712500000000000000e+02
1.715000000000000000e+02
1.717500000000000000e+02
1.722500000000000000e+02
1.722500000000000000e+02
1.720000000000000000e+02
1.717500000000000000e+02
1.717500000000000000e+02
1.702500000000000000e+02
1.662500000000000000e+02
1.662500000000000000e+02
1.680000000000000000e+02
1.697500000000000000e+02
1.700000000000000000e+02
1.700000000000000000e+02
1.675000000000000000e+02
1.657500000000000000e+02
1.657500000000000000e+02
1.670000000000000000e+02
1.685000000000000000e+02
1.690000000000000000e+02
1.690000000000000000e+02
1.682500000000000000e+02
1.692500000000000000e+02
1.692500000000000000e+02
1.685000000000000000e+02
1.697500000000000000e+02
1.697500000000000000e+02
1.697500000000000000e+02
1.700000000000000000e+02
1.705000000000000000e+02
1.705000000000000000e+02
1.707500000000000000e+02
1.690000000000000000e+02
1.690000000000000000e+02
1.710000000000000000e+02
1.697500000000000000e+02
1.705000000000000000e+02
1.705000000000000000e+02
1.692500000000000000e+02
1.705000000000000000e+02
1.705000000000000000e+02
1.700000000000000000e+02
1.702500000000000000e+02
1.702500000000000000e+02
1.690000000000000000e+02
1.697500000000000000e+02
1.695000000000000000e+02
1.695000000000000000e+02
1.700000000000000000e+02
1.695000000000000000e+02
1.695000000000000000e+02
1.700000000000000000e+02
1.697500000000000000e+02
1.697500000000000000e+02
1.705000000000000000e+02
1.697500000000000000e+02
1.695000000000000000e+02
1.695000000000000000e+02
1.690000000000000000e+02
1.690000000000000000e+02
1.690000000000000000e+02
1.685000000000000000e+02
1.687500000000000000e+02
1.687500000000000000e+02
1.687500000000000000e+02
1.690000000000000000e+02
1.692500000000000000e+02
1.692500000000000000e+02
1.687500000000000000e+02
1.690000000000000000e+02
1.685000000000000000e+02
1.685000000000000000e+02
1.685000000000000000e+02
1.682500000000000000e+02
1.682500000000000000e+02
1.687500000000000000e+02
1.692500000000000000e+02
1.692500000000000000e+02
1.692500000000000000e+02
1.695000000000000000e+02
1.682500000000000000e+02
1.682500000000000000e+02
1.685000000000000000e+02
1.675000000000000000e+02
1.675000000000000000e+02
1.680000000000000000e+02
1.630000000000000000e+02
1.630000000000000000e+02
1.662500000000000000e+02
1.670000000000000000e+02
1.670000000000000000e+02
1.662500000000000000e+02
1.660000000000000000e+02
1.662500000000000000e+02
1.662500000000000000e+02
1.662500000000000000e+02
1.680000000000000000e+02
1.680000000000000000e+02
1.650000000000000000e+02
1.667500000000000000e+02
1.672500000000000000e+02
1.672500000000000000e+02
1.677500000000000000e+02
1.667500000000000000e+02
1.667500000000000000e+02
1.670000000000000000e+02
1.650000000000000000e+02
1.650000000000000000e+02
1.645000000000000000e+02
1.650000000000000000e+02
1.650000000000000000e+02
1.652500000000000000e+02
1.660000000000000000e+02
1.660000000000000000e+02
1.672500000000000000e+02
1.665000000000000000e+02
1.662500000000000000e+02
1.662500000000000000e+02
1.667500000000000000e+02
1.650000000000000000e+02
1.650000000000000000e+02
1.652500000000000000e+02
1.640000000000000000e+02
1.640000000000000000e+02
1.630000000000000000e+02
1.632500000000000000e+02
1.632500000000000000e+02
1.635000000000000000e+02
1.625000000000000000e+02
1.625000000000000000e+02
1.605000000000000000e+02
1.602500000000000000e+02
1.602500000000000000e+02
1.612500000000000000e+02
1.605000000000000000e+02
1.605000000000000000e+02
1.627500000000000000e+02
1.632500000000000000e+02
1.642500000000000000e+02
1.642500000000000000e+02
1.652500000000000000e+02
1.647500000000000000e+02
1.647500000000000000e+02
1.650000000000000000e+02
1.650000000000000000e+02
1.650000000000000000e+02
1.655000000000000000e+02
1.650000000000000000e+02
1.650000000000000000e+02
1.640000000000000000e+02
1.640000000000000000e+02
1.640000000000000000e+02
1.667500000000000000e+02
1.637500000000000000e+02
1.637500000000000000e+02
1.622500000000000000e+02
1.637500000000000000e+02
1.637500000000000000e+02
1.635000000000000000e+02
1.642500000000000000e+02
1.652500000000000000e+02
1.652500000000000000e+02
1.642500000000000000e+02
1.650000000000000000e+02
1.650000000000000000e+02
1.652500000000000000e+02
1.662500000000000000e+02
1.662500000000000000e+02
1.657500000000000000e+02
1.650000000000000000e+02
1.660000000000000000e+02
1.660000000000000000e+02
1.667500000000000000e+02
1.665000000000000000e+02
1.665000000000000000e+02
1.670000000000000000e+02
1.662500000000000000e+02
1.662500000000000000e+02
1.655000000000000000e+02
1.665000000000000000e+02
1.665000000000000000e+02
1.660000000000000000e+02
1.670000000000000000e+02
1.670000000000000000e+02
1.667500000000000000e+02
1.672500000000000000e+02
1.670000000000000000e+02
1.670000000000000000e+02
1.672500000000000000e+02
1.682500000000000000e+02
1.682500000000000000e+02
1.680000000000000000e+02
1.672500000000000000e+02
1.672500000000000000e+02
1.675000000000000000e+02
1.667500000000000000e+02
1.670000000000000000e+02
1.670000000000000000e+02
1.660000000000000000e+02
1.655000000000000000e+02
1.655000000000000000e+02
1.670000000000000000e+02
1.672500000000000000e+02
1.672500000000000000e+02
1.677500000000000000e+02
1.667500000000000000e+02
1.667500000000000000e+02
1.645000000000000000e+02
1.670000000000000000e+02
1.670000000000000000e+02
1.662500000000000000e+02
1.652500000000000000e+02
1.670000000000000000e+02
1.670000000000000000e+02
1.677500000000000000e+02
1.685000000000000000e+02
1.685000000000000000e+02
1.682500000000000000e+02
1.685000000000000000e+02
1.685000000000000000e+02
1.680000000000000000e+02
1.687500000000000000e+02
1.685000000000000000e+02
1.685000000000000000e+02
1.685000000000000000e+02
1.710000000000000000e+02
1.710000000000000000e+02
1.665000000000000000e+02
1.692500000000000000e+02
1.695000000000000000e+02
1.695000000000000000e+02
1.705000000000000000e+02
1.695000000000000000e+02
1.695000000000000000e+02
1.697500000000000000e+02
1.700000000000000000e+02
1.720000000000000000e+02
1.720000000000000000e+02
1.692500000000000000e+02
1.700000000000000000e+02
1.700000000000000000e+02
1.690000000000000000e+02
1.697500000000000000e+02
1.695000000000000000e+02
1.695000000000000000e+02
1.705000000000000000e+02
1.702500000000000000e+02
1.702500000000000000e+02
1.717500000000000000e+02
1.705000000000000000e+02
1.705000000000000000e+02
1.707500000000000000e+02
1.707500000000000000e+02
1.705000000000000000e+02
1.705000000000000000e+02
1.705000000000000000e+02
1.717500000000000000e+02
1.717500000000000000e+02
1.717500000000000000e+02
1.712500000000000000e+02
1.712500000000000000e+02
1.712500000000000000e+02
1.710000000000000000e+02
1.697500000000000000e+02
1.697500000000000000e+02
1.720000000000000000e+02
1.705000000000000000e+02
1.710000000000000000e+02
1.710000000000000000e+02
1.700000000000000000e+02
1.705000000000000000e+02
1.705000000000000000e+02
1.707500000000000000e+02
1.705000000000000000e+02
1.717500000000000000e+02
1.717500000000000000e+02
1.702500000000000000e+02
1.712500000000000000e+02
1.712500000000000000e+02
1.717500000000000000e+02
1.705000000000000000e+02
1.705000000000000000e+02
1.715000000000000000e+02
1.710000000000000000e+02
1.717500000000000000e+02
1.717500000000000000e+02
1.725000000000000000e+02
1.727500000000000000e+02
1.720000000000000000e+02
1.720000000000000000e+02
1.720000000000000000e+02
1.720000000000000000e+02
1.720000000000000000e+02
1.730000000000000000e+02
1.722500000000000000e+02
1.735000000000000000e+02
1.735000000000000000e+02
1.727500000000000000e+02
1.717500000000000000e+02
1.717500000000000000e+02
1.735000000000000000e+02
1.722500000000000000e+02
1.720000000000000000e+02
1.720000000000000000e+02
1.727500000000000000e+02
1.727500000000000000e+02
1.727500000000000000e+02
1.727500000000000000e+02
1.730000000000000000e+02
1.735000000000000000e+02
1.735000000000000000e+02
1.735000000000000000e+02
1.740000000000000000e+02
1.735000000000000000e+02
1.735000000000000000e+02
1.747500000000000000e+02
1.725000000000000000e+02
1.725000000000000000e+02
1.740000000000000000e+02
1.737500000000000000e+02
1.747500000000000000e+02
1.747500000000000000e+02
1.747500000000000000e+02
1.747500000000000000e+02
1.747500000000000000e+02
1.747500000000000000e+02
1.752500000000000000e+02
1.752500000000000000e+02
1.752500000000000000e+02
1.747500000000000000e+02
1.745000000000000000e+02
1.747500000000000000e+02
1.747500000000000000e+02
1.750000000000000000e+02
1.755000000000000000e+02
1.750000000000000000e+02
1.750000000000000000e+02
1.755000000000000000e+02
1.745000000000000000e+02
1.755000000000000000e+02
1.755000000000000000e+02
1.752500000000000000e+02
1.750000000000000000e+02
1.750000000000000000e+02
1.742500000000000000e+02
1.740000000000000000e+02
1.745000000000000000e+02
1.745000000000000000e+02
1.747500000000000000e+02
1.742500000000000000e+02
1.750000000000000000e+02
1.750000000000000000e+02
1.740000000000000000e+02
1.737500000000000000e+02
1.737500000000000000e+02
1.755000000000000000e+02
1.747500000000000000e+02
1.747500000000000000e+02
1.747500000000000000e+02
1.745000000000000000e+02
1.740000000000000000e+02
1.747500000000000000e+02
1.747500000000000000e+02
1.750000000000000000e+02
1.727500000000000000e+02
1.727500000000000000e+02
1.745000000000000000e+02
1.745000000000000000e+02
1.745000000000000000e+02
1.745000000000000000e+02
1.745000000000000000e+02
1.747500000000000000e+02
1.747500000000000000e+02
1.747500000000000000e+02
1.747500000000000000e+02
1.775000000000000000e+02
1.775000000000000000e+02
1.732500000000000000e+02
1.752500000000000000e+02
1.752500000000000000e+02
1.747500000000000000e+02
1.752500000000000000e+02
1.755000000000000000e+02
1.750000000000000000e+02
1.750000000000000000e+02
1.752500000000000000e+02
1.750000000000000000e+02
1.750000000000000000e+02
1.750000000000000000e+02
1.747500000000000000e+02
1.750000000000000000e+02
1.750000000000000000e+02
1.750000000000000000e+02
1.740000000000000000e+02
1.745000000000000000e+02
1.745000000000000000e+02
1.747500000000000000e+02
1.742500000000000000e+02
1.742500000000000000e+02
1.745000000000000000e+02
1.742500000000000000e+02
1.747500000000000000e+02
1.747500000000000000e+02
1.740000000000000000e+02
1.737500000000000000e+02
1.737500000000000000e+02
1.742500000000000000e+02
1.750000000000000000e+02
1.745000000000000000e+02
1.745000000000000000e+02
1.750000000000000000e+02
1.747500000000000000e+02
1.732500000000000000e+02
1.732500000000000000e+02
1.737500000000000000e+02
1.742500000000000000e+02
1.742500000000000000e+02
1.732500000000000000e+02
1.740000000000000000e+02
1.740000000000000000e+02
1.740000000000000000e+02
1.740000000000000000e+02
1.737500000000000000e+02
1.727500000000000000e+02
1.727500000000000000e+02
1.730000000000000000e+02
1.715000000000000000e+02
1.715000000000000000e+02
1.725000000000000000e+02
1.705000000000000000e+02
1.717500000000000000e+02
1.717500000000000000e+02
1.715000000000000000e+02
1.725000000000000000e+02
1.725000000000000000e+02
1.717500000000000000e+02
1.722500000000000000e+02
1.715000000000000000e+02
1.715000000000000000e+02
1.725000000000000000e+02
1.725000000000000000e+02
1.725000000000000000e+02
1.725000000000000000e+02
1.725000000000000000e+02
1.730000000000000000e+02
1.730000000000000000e+02
1.715000000000000000e+02
1.727500000000000000e+02
1.727500000000000000e+02
1.730000000000000000e+02
1.730000000000000000e+02
1.732500000000000000e+02
1.732500000000000000e+02
1.730000000000000000e+02
1.732500000000000000e+02
1.727500000000000000e+02
1.727500000000000000e+02
1.727500000000000000e+02
1.727500000000000000e+02
1.727500000000000000e+02
1.727500000000000000e+02
1.732500000000000000e+02
1.727500000000000000e+02
1.727500000000000000e+02
1.720000000000000000e+02
1.722500000000000000e+02
1.722500000000000000e+02
1.712500000000000000e+02
1.707500000000000000e+02
1.715000000000000000e+02
1.715000000000000000e+02
1.715000000000000000e+02
1.712500000000000000e+02
1.712500000000000000e+02
1.717500000000000000e+02
1.717500000000000000e+02
1.720000000000000000e+02
1.720000000000000000e+02
1.722500000000000000e+02
1.737500000000000000e+02
1.737500000000000000e+02
1.700000000000000000e+02
1.717500000000000000e+02
1.720000000000000000e+02
1.720000000000000000e+02
1.722500000000000000e+02
1.725000000000000000e+02
1.725000000000000000e+02
1.725000000000000000e+02
1.727500000000000000e+02
1.707500000000000000e+02
1.707500000000000000e+02
1.715000000000000000e+02
1.725000000000000000e+02
1.730000000000000000e+02
1.730000000000000000e+02
1.720000000000000000e+02
1.725000000000000000e+02
1.725000000000000000e+02
1.720000000000000000e+02
1.720000000000000000e+02
1.720000000000000000e+02
1.712500000000000000e+02
1.720000000000000000e+02
1.720000000000000000e+02
1.720000000000000000e+02
1.717500000000000000e+02
1.720000000000000000e+02
1.727500000000000000e+02
1.727500000000000000e+02
1.697500000000000000e+02
1.717500000000000000e+02
1.717500000000000000e+02
1.717500000000000000e+02
1.720000000000000000e+02
1.702500000000000000e+02
1.702500000000000000e+02
1.710000000000000000e+02
1.712500000000000000e+02
1.712500000000000000e+02
1.705000000000000000e+02
1.707500000000000000e+02
1.702500000000000000e+02
1.702500000000000000e+02
1.712500000000000000e+02
1.712500000000000000e+02
1.712500000000000000e+02
1.712500000000000000e+02
1.712500000000000000e+02
1.712500000000000000e+02
1.712500000000000000e+02
1.712500000000000000e+02
1.707500000000000000e+02
1.707500000000000000e+02
1.725000000000000000e+02
1.707500000000000000e+02
1.715000000000000000e+02
1.715000000000000000e+02
1.712500000000000000e+02
1.712500000000000000e+02
1.712500000000000000e+02
1.705000000000000000e+02
1.705000000000000000e+02
1.702500000000000000e+02
1.702500000000000000e+02
1.712500000000000000e+02
1.707500000000000000e+02
1.707500000000000000e+02
1.705000000000000000e+02
1.692500000000000000e+02
1.692500000000000000e+02
1.707500000000000000e+02
1.697500000000000000e+02
1.710000000000000000e+02
1.710000000000000000e+02
1.702500000000000000e+02
1.705000000000000000e+02
1.705000000000000000e+02
1.697500000000000000e+02
1.700000000000000000e+02
1.700000000000000000e+02
1.700000000000000000e+02
1.685000000000000000e+02
1.707500000000000000e+02
1.707500000000000000e+02
1.700000000000000000e+02
1.702500000000000000e+02
1.702500000000000000e+02
1.695000000000000000e+02
1.692500000000000000e+02
1.695000000000000000e+02
1.695000000000000000e+02
1.690000000000000000e+02
1.692500000000000000e+02
1.692500000000000000e+02
1.685000000000000000e+02
1.677500000000000000e+02
1.687500000000000000e+02
1.687500000000000000e+02
1.692500000000000000e+02
1.692500000000000000e+02
1.692500000000000000e+02
1.692500000000000000e+02
1.677500000000000000e+02
1.677500000000000000e+02
1.690000000000000000e+02
1.700000000000000000e+02
1.687500000000000000e+02
1.687500000000000000e+02
1.677500000000000000e+02
1.697500000000000000e+02
1.697500000000000000e+02
1.690000000000000000e+02
1.692500000000000000e+02
1.690000000000000000e+02
1.690000000000000000e+02
1.690000000000000000e+02
1.695000000000000000e+02
1.695000000000000000e+02
1.682500000000000000e+02
1.677500000000000000e+02
1.677500000000000000e+02
1.690000000000000000e+02
1.677500000000000000e+02
1.677500000000000000e+02
1.677500000000000000e+02
1.680000000000000000e+02
1.677500000000000000e+02
1.677500000000000000e+02
1.675000000000000000e+02
1.650000000000000000e+02
1.650000000000000000e+02
1.665000000000000000e+02
1.660000000000000000e+02
1.660000000000000000e+02
1.665000000000000000e+02
1.655000000000000000e+02
1.667500000000000000e+02
1.667500000000000000e+02
1.657500000000000000e+02
1.657500000000000000e+02
1.657500000000000000e+02
1.667500000000000000e+02
1.665000000000000000e+02
1.665000000000000000e+02
1.670000000000000000e+02
1.662500000000000000e+02
1.685000000000000000e+02
1.685000000000000000e+02
1.667500000000000000e+02
1.667500000000000000e+02
1.670000000000000000e+02
1.665000000000000000e+02
1.662500000000000000e+02
1.662500000000000000e+02
1.660000000000000000e+02
1.662500000000000000e+02
1.662500000000000000e+02
1.667500000000000000e+02
1.662500000000000000e+02
1.662500000000000000e+02
1.670000000000000000e+02
1.667500000000000000e+02
1.632500000000000000e+02
1.632500000000000000e+02
1.642500000000000000e+02
1.655000000000000000e+02
1.655000000000000000e+02
1.660000000000000000e+02
1.630000000000000000e+02
1.630000000000000000e+02
1.642500000000000000e+02
1.622500000000000000e+02
1.622500000000000000e+02
1.602500000000000000e+02
1.587500000000000000e+02
1.587500000000000000e+02
1.600000000000000000e+02
1.587500000000000000e+02
1.587500000000000000e+02
1.592500000000000000e+02
1.590000000000000000e+02
1.590000000000000000e+02
1.590000000000000000e+02
1.592500000000000000e+02
1.592500000000000000e+02
1.587500000000000000e+02
1.587500000000000000e+02
1.587500000000000000e+02
1.575000000000000000e+02
1.540000000000000000e+02
1.540000000000000000e+02
1.575000000000000000e+02
1.575000000000000000e+02
1.575000000000000000e+02
1.607500000000000000e+02
1.600000000000000000e+02
1.600000000000000000e+02
1.632500000000000000e+02
1.652500000000000000e+02
1.652500000000000000e+02
1.660000000000000000e+02
1.672500000000000000e+02
1.672500000000000000e+02
1.677500000000000000e+02
1.685000000000000000e+02
1.685000000000000000e+02
1.685000000000000000e+02
1.690000000000000000e+02
1.700000000000000000e+02
1.700000000000000000e+02
1.707500000000000000e+02
1.707500000000000000e+02
1.707500000000000000e+02
1.700000000000000000e+02
1.705000000000000000e+02
1.677500000000000000e+02
1.677500000000000000e+02
1.705000000000000000e+02
1.685000000000000000e+02
1.685000000000000000e+02
1.682500000000000000e+02
1.675000000000000000e+02
1.682500000000000000e+02
1.682500000000000000e+02
1.675000000000000000e+02
1.680000000000000000e+02
1.680000000000000000e+02
1.692500000000000000e+02
1.667500000000000000e+02
1.667500000000000000e+02
1.667500000000000000e+02
1.667500000000000000e+02
1.667500000000000000e+02
1.682500000000000000e+02
1.675000000000000000e+02
1.675000000000000000e+02
1.675000000000000000e+02
1.685000000000000000e+02
1.682500000000000000e+02
1.682500000000000000e+02
1.700000000000000000e+02
1.700000000000000000e+02
1.700000000000000000e+02
1.700000000000000000e+02
1.702500000000000000e+02
1.702500000000000000e+02
1.702500000000000000e+02
1.712500000000000000e+02
1.715000000000000000e+02
1.707500000000000000e+02
1.707500000000000000e+02
1.705000000000000000e+02
1.710000000000000000e+02
1.710000000000000000e+02
1.712500000000000000e+02
1.717500000000000000e+02
1.717500000000000000e+02
1.722500000000000000e+02
1.710000000000000000e+02
1.720000000000000000e+02
1.720000000000000000e+02
1.715000000000000000e+02
1.722500000000000000e+02
1.720000000000000000e+02
1.720000000000000000e+02
1.725000000000000000e+02
1.717500000000000000e+02
1.717500000000000000e+02
1.725000000000000000e+02
1.720000000000000000e+02
1.725000000000000000e+02
1.725000000000000000e+02
1.720000000000000000e+02
1.717500000000000000e+02
1.717500000000000000e+02
1.737500000000000000e+02
1.735000000000000000e+02
1.732500000000000000e+02
1.732500000000000000e+02
1.725000000000000000e+02
1.730000000000000000e+02
1.727500000000000000e+02
1.727500000000000000e+02
1.737500000000000000e+02
1.735000000000000000e+02
1.735000000000000000e+02
1.737500000000000000e+02
1.717500000000000000e+02
1.712500000000000000e+02
1.712500000000000000e+02
1.712500000000000000e+02
1.720000000000000000e+02
1.720000000000000000e+02
1.725000000000000000e+02
1.725000000000000000e+02
1.732500000000000000e+02
1.732500000000000000e+02
1.727500000000000000e+02
1.727500000000000000e+02
1.727500000000000000e+02
1.730000000000000000e+02
1.722500000000000000e+02
1.720000000000000000e+02
1.720000000000000000e+02
1.730000000000000000e+02
1.720000000000000000e+02
1.720000000000000000e+02
1.737500000000000000e+02
1.722500000000000000e+02
1.732500000000000000e+02
1.732500000000000000e+02
1.722500000000000000e+02
1.730000000000000000e+02
1.722500000000000000e+02
1.722500000000000000e+02
1.730000000000000000e+02
1.730000000000000000e+02
1.730000000000000000e+02
1.725000000000000000e+02
1.732500000000000000e+02
1.732500000000000000e+02
1.730000000000000000e+02
1.732500000000000000e+02
1.727500000000000000e+02
1.727500000000000000e+02
1.725000000000000000e+02
1.735000000000000000e+02
1.730000000000000000e+02
1.730000000000000000e+02
1.737500000000000000e+02
1.730000000000000000e+02
1.730000000000000000e+02
1.745000000000000000e+02
1.725000000000000000e+02
1.742500000000000000e+02
1.742500000000000000e+02
1.717500000000000000e+02
1.730000000000000000e+02
1.730000000000000000e+02
1.750000000000000000e+02
1.722500000000000000e+02
1.725000000000000000e+02
1.725000000000000000e+02
1.720000000000000000e+02
1.722500000000000000e+02
1.735000000000000000e+02
1.735000000000000000e+02
1.732500000000000000e+02
1.740000000000000000e+02
1.740000000000000000e+02
1.727500000000000000e+02
1.732500000000000000e+02
1.730000000000000000e+02
1.730000000000000000e+02
1.725000000000000000e+02
1.740000000000000000e+02
1.740000000000000000e+02
1.715000000000000000e+02
1.725000000000000000e+02
1.730000000000000000e+02
1.730000000000000000e+02
1.725000000000000000e+02
1.732500000000000000e+02
1.720000000000000000e+02
1.720000000000000000e+02
1.705000000000000000e+02
1.715000000000000000e+02
1.715000000000000000e+02
1.722500000000000000e+02
1.697500000000000000e+02
1.697500000000000000e+02
1.705000000000000000e+02
1.707500000000000000e+02
1.707500000000000000e+02
1.707500000000000000e+02
1.702500000000000000e+02
1.707500000000000000e+02
1.707500000000000000e+02
1.715000000000000000e+02
1.700000000000000000e+02
1.702500000000000000e+02
1.702500000000000000e+02
1.707500000000000000e+02
1.700000000000000000e+02
1.700000000000000000e+02
1.687500000000000000e+02
1.700000000000000000e+02
1.705000000000000000e+02
1.705000000000000000e+02
1.697500000000000000e+02
1.695000000000000000e+02
1.695000000000000000e+02
1.680000000000000000e+02
1.707500000000000000e+02
1.700000000000000000e+02
1.700000000000000000e+02
1.687500000000000000e+02
1.700000000000000000e+02
1.700000000000000000e+02
1.707500000000000000e+02
1.692500000000000000e+02
1.692500000000000000e+02
1.670000000000000000e+02
1.695000000000000000e+02
1.690000000000000000e+02
1.690000000000000000e+02
1.692500000000000000e+02
1.697500000000000000e+02
1.697500000000000000e+02
1.700000000000000000e+02
1.702500000000000000e+02
1.705000000000000000e+02
1.705000000000000000e+02
1.715000000000000000e+02
1.712500000000000000e+02
1.712500000000000000e+02
1.710000000000000000e+02
1.735000000000000000e+02
1.700000000000000000e+02
1.700000000000000000e+02
1.725000000000000000e+02
1.717500000000000000e+02
1.717500000000000000e+02
1.730000000000000000e+02
1.725000000000000000e+02
1.725000000000000000e+02
1.725000000000000000e+02
1.730000000000000000e+02
1.725000000000000000e+02
1.725000000000000000e+02
1.715000000000000000e+02
1.715000000000000000e+02
1.697500000000000000e+02
1.697500000000000000e+02
1.700000000000000000e+02
1.685000000000000000e+02
1.685000000000000000e+02
1.695000000000000000e+02
1.705000000000000000e+02
1.687500000000000000e+02
1.687500000000000000e+02
1.687500000000000000e+02
1.707500000000000000e+02
1.707500000000000000e+02
1.710000000000000000e+02
1.712500000000000000e+02
1.712500000000000000e+02
1.712500000000000000e+02
1.727500000000000000e+02
1.707500000000000000e+02
1.707500000000000000e+02
1.712500000000000000e+02
1.715000000000000000e+02
1.715000000000000000e+02
1.710000000000000000e+02
1.720000000000000000e+02
1.712500000000000000e+02
1.712500000000000000e+02
1.717500000000000000e+02
1.710000000000000000e+02
1.722500000000000000e+02
1.722500000000000000e+02
1.710000000000000000e+02
1.712500000000000000e+02
1.712500000000000000e+02
1.710000000000000000e+02
1.702500000000000000e+02
1.717500000000000000e+02
1.717500000000000000e+02
1.705000000000000000e+02
1.705000000000000000e+02
1.705000000000000000e+02
1.700000000000000000e+02
1.707500000000000000e+02
1.707500000000000000e+02
1.690000000000000000e+02
1.690000000000000000e+02
1.692500000000000000e+02
1.692500000000000000e+02
1.700000000000000000e+02
1.697500000000000000e+02
1.697500000000000000e+02
1.695000000000000000e+02
1.700000000000000000e+02
1.700000000000000000e+02
1.677500000000000000e+02
1.695000000000000000e+02
1.695000000000000000e+02
1.695000000000000000e+02
1.687500000000000000e+02
1.690000000000000000e+02
1.690000000000000000e+02
1.702500000000000000e+02
1.705000000000000000e+02
1.695000000000000000e+02
1.695000000000000000e+02
1.705000000000000000e+02
1.705000000000000000e+02
1.705000000000000000e+02
1.712500000000000000e+02
1.692500000000000000e+02
1.692500000000000000e+02
1.692500000000000000e+02
1.667500000000000000e+02
1.680000000000000000e+02
1.680000000000000000e+02
1.670000000000000000e+02
1.672500000000000000e+02
1.672500000000000000e+02
1.702500000000000000e+02
1.690000000000000000e+02
1.695000000000000000e+02
1.695000000000000000e+02
1.702500000000000000e+02
1.682500000000000000e+02
1.682500000000000000e+02
1.690000000000000000e+02
1.695000000000000000e+02
1.695000000000000000e+02
1.682500000000000000e+02
1.685000000000000000e+02
1.680000000000000000e+02
1.680000000000000000e+02
1.690000000000000000e+02
1.667500000000000000e+02
1.667500000000000000e+02
1.692500000000000000e+02
1.690000000000000000e+02
1.690000000000000000e+02
1.700000000000000000e+02
1.697500000000000000e+02
1.707500000000000000e+02
1.707500000000000000e+02
1.690000000000000000e+02
1.697500000000000000e+02
1.697500000000000000e+02
1.687500000000000000e+02
1.692500000000000000e+02
1.695000000000000000e+02
1.695000000000000000e+02
1.682500000000000000e+02
1.682500000000000000e+02
1.682500000000000000e+02
1.672500000000000000e+02
1.680000000000000000e+02
1.680000000000000000e+02
1.697500000000000000e+02
1.660000000000000000e+02
1.667500000000000000e+02
1.667500000000000000e+02
1.672500000000000000e+02
1.650000000000000000e+02
1.650000000000000000e+02
1.665000000000000000e+02
1.657500000000000000e+02
1.657500000000000000e+02
1.655000000000000000e+02
1.635000000000000000e+02
1.635000000000000000e+02
1.632500000000000000e+02
1.642500000000000000e+02
1.640000000000000000e+02
1.640000000000000000e+02
1.637500000000000000e+02
1.635000000000000000e+02
1.635000000000000000e+02
1.640000000000000000e+02
1.642500000000000000e+02
1.642500000000000000e+02
1.635000000000000000e+02
1.640000000000000000e+02
1.640000000000000000e+02
1.637500000000000000e+02
1.640000000000000000e+02
1.640000000000000000e+02
1.615000000000000000e+02
1.645000000000000000e+02
1.645000000000000000e+02
1.647500000000000000e+02
1.650000000000000000e+02
1.650000000000000000e+02
1.625000000000000000e+02
1.642500000000000000e+02
1.637500000000000000e+02
1.637500000000000000e+02
1.642500000000000000e+02
1.632500000000000000e+02
1.632500000000000000e+02
1.650000000000000000e+02
1.647500000000000000e+02
1.647500000000000000e+02
1.657500000000000000e+02
1.660000000000000000e+02
1.660000000000000000e+02
1.667500000000000000e+02
1.682500000000000000e+02
1.682500000000000000e+02
1.670000000000000000e+02
1.670000000000000000e+02
1.652500000000000000e+02
1.652500000000000000e+02
1.667500000000000000e+02
1.680000000000000000e+02
1.680000000000000000e+02
1.682500000000000000e+02
1.677500000000000000e+02
1.677500000000000000e+02
1.672500000000000000e+02
1.657500000000000000e+02
1.657500000000000000e+02
1.662500000000000000e+02
1.670000000000000000e+02
1.672500000000000000e+02
1.672500000000000000e+02
1.642500000000000000e+02
1.650000000000000000e+02
1.650000000000000000e+02
1.650000000000000000e+02
1.665000000000000000e+02
1.665000000000000000e+02
1.665000000000000000e+02
1.665000000000000000e+02
1.655000000000000000e+02
1.655000000000000000e+02
1.657500000000000000e+02
1.665000000000000000e+02
1.665000000000000000e+02
1.677500000000000000e+02
1.690000000000000000e+02
1.690000000000000000e+02
1.687500000000000000e+02
1.665000000000000000e+02
1.675000000000000000e+02
1.675000000000000000e+02
1.677500000000000000e+02
1.685000000000000000e+02
1.685000000000000000e+02
1.692500000000000000e+02
1.702500000000000000e+02
1.702500000000000000e+02
1.695000000000000000e+02
1.700000000000000000e+02
1.710000000000000000e+02
1.710000000000000000e+02
1.707500000000000000e+02
1.717500000000000000e+02
1.717500000000000000e+02
1.707500000000000000e+02
1.707500000000000000e+02
1.692500000000000000e+02
1.692500000000000000e+02
1.702500000000000000e+02
1.700000000000000000e+02
1.700000000000000000e+02
1.710000000000000000e+02
1.695000000000000000e+02
1.695000000000000000e+02
1.670000000000000000e+02
1.690000000000000000e+02
1.692500000000000000e+02
1.692500000000000000e+02
1.695000000000000000e+02
1.682500000000000000e+02
1.682500000000000000e+02
1.690000000000000000e+02
1.685000000000000000e+02
1.685000000000000000e+02
1.692500000000000000e+02
1.687500000000000000e+02
1.692500000000000000e+02
1.692500000000000000e+02
1.690000000000000000e+02
1.687500000000000000e+02
1.687500000000000000e+02
1.677500000000000000e+02
1.687500000000000000e+02
1.700000000000000000e+02
1.700000000000000000e+02
1.682500000000000000e+02
1.672500000000000000e+02
1.672500000000000000e+02
1.685000000000000000e+02
1.690000000000000000e+02
1.690000000000000000e+02
1.687500000000000000e+02
1.695000000000000000e+02
1.710000000000000000e+02
1.710000000000000000e+02
1.710000000000000000e+02
1.712500000000000000e+02
1.712500000000000000e+02
1.710000000000000000e+02
1.707500000000000000e+02
1.720000000000000000e+02
1.720000000000000000e+02
1.722500000000000000e+02
1.715000000000000000e+02
1.720000000000000000e+02
1.720000000000000000e+02
1.715000000000000000e+02
1.707500000000000000e+02
1.707500000000000000e+02
1.702500000000000000e+02
1.712500000000000000e+02
1.712500000000000000e+02
1.715000000000000000e+02
1.697500000000000000e+02
1.697500000000000000e+02
1.697500000000000000e+02
1.710000000000000000e+02
1.700000000000000000e+02
1.700000000000000000e+02
1.697500000000000000e+02
1.692500000000000000e+02
1.692500000000000000e+02
1.697500000000000000e+02
1.697500000000000000e+02
1.715000000000000000e+02
1.715000000000000000e+02
1.712500000000000000e+02
1.710000000000000000e+02
1.707500000000000000e+02
1.707500000000000000e+02
1.707500000000000000e+02
1.725000000000000000e+02
1.725000000000000000e+02
1.725000000000000000e+02
1.732500000000000000e+02
1.730000000000000000e+02
1.730000000000000000e+02
1.725000000000000000e+02
1.740000000000000000e+02
1.740000000000000000e+02
1.735000000000000000e+02
1.730000000000000000e+02
1.722500000000000000e+02
1.722500000000000000e+02
1.722500000000000000e+02
1.715000000000000000e+02
1.715000000000000000e+02
1.732500000000000000e+02
1.737500000000000000e+02
1.737500000000000000e+02
1.737500000000000000e+02
1.745000000000000000e+02
1.752500000000000000e+02
1.742500000000000000e+02
1.742500000000000000e+02
1.742500000000000000e+02
1.742500000000000000e+02
1.742500000000000000e+02
1.745000000000000000e+02
1.740000000000000000e+02
1.737500000000000000e+02
1.737500000000000000e+02
1.735000000000000000e+02
1.745000000000000000e+02
1.745000000000000000e+02
1.742500000000000000e+02
1.747500000000000000e+02
1.740000000000000000e+02
1.740000000000000000e+02
1.752500000000000000e+02
1.742500000000000000e+02
1.752500000000000000e+02
1.752500000000000000e+02
1.742500000000000000e+02
1.755000000000000000e+02
1.755000000000000000e+02
1.735000000000000000e+02
1.737500000000000000e+02
1.740000000000000000e+02
1.740000000000000000e+02
1.737500000000000000e+02
1.745000000000000000e+02
1.745000000000000000e+02
1.745000000000000000e+02
1.745000000000000000e+02
1.742500000000000000e+02
1.742500000000000000e+02
1.732500000000000000e+02
1.737500000000000000e+02
1.737500000000000000e+02
1.737500000000000000e+02
1.745000000000000000e+02
1.742500000000000000e+02
1.740000000000000000e+02
1.740000000000000000e+02
1.737500000000000000e+02
1.742500000000000000e+02
1.742500000000000000e+02
1.750000000000000000e+02
1.737500000000000000e+02
1.750000000000000000e+02
1.750000000000000000e+02
1.722500000000000000e+02
1.710000000000000000e+02
1.732500000000000000e+02
1.732500000000000000e+02
1.747500000000000000e+02
1.740000000000000000e+02
1.740000000000000000e+02
1.745000000000000000e+02
1.740000000000000000e+02
1.740000000000000000e+02
1.740000000000000000e+02
1.740000000000000000e+02
1.732500000000000000e+02
1.747500000000000000e+02
1.747500000000000000e+02
1.732500000000000000e+02
1.727500000000000000e+02
1.727500000000000000e+02
1.742500000000000000e+02
1.730000000000000000e+02
1.750000000000000000e+02
1.750000000000000000e+02
1.750000000000000000e+02
1.755000000000000000e+02
1.750000000000000000e+02
1.750000000000000000e+02
1.747500000000000000e+02
1.740000000000000000e+02
1.740000000000000000e+02
1.737500000000000000e+02
1.750000000000000000e+02
1.745000000000000000e+02
1.745000000000000000e+02
1.750000000000000000e+02
1.747500000000000000e+02
1.755000000000000000e+02
1.755000000000000000e+02
1.750000000000000000e+02
1.750000000000000000e+02
1.750000000000000000e+02
1.752500000000000000e+02
1.760000000000000000e+02
1.745000000000000000e+02
1.745000000000000000e+02
1.767500000000000000e+02
1.752500000000000000e+02
1.750000000000000000e+02
1.750000000000000000e+02
1.750000000000000000e+02
1.747500000000000000e+02
1.747500000000000000e+02
1.707500000000000000e+02
1.735000000000000000e+02
1.735000000000000000e+02
1.735000000000000000e+02
1.740000000000000000e+02
1.722500000000000000e+02
1.722500000000000000e+02
1.727500000000000000e+02
1.727500000000000000e+02
1.737500000000000000e+02
1.737500000000000000e+02
1.725000000000000000e+02
1.732500000000000000e+02
1.737500000000000000e+02
1.737500000000000000e+02
1.717500000000000000e+02
1.715000000000000000e+02
1.715000000000000000e+02
1.730000000000000000e+02
1.722500000000000000e+02
1.710000000000000000e+02
1.710000000000000000e+02
1.712500000000000000e+02
1.722500000000000000e+02
1.722500000000000000e+02
1.730000000000000000e+02
1.735000000000000000e+02
1.710000000000000000e+02
1.710000000000000000e+02
1.722500000000000000e+02
1.722500000000000000e+02
1.722500000000000000e+02
1.727500000000000000e+02
1.727500000000000000e+02
1.725000000000000000e+02
1.725000000000000000e+02
1.732500000000000000e+02
1.747500000000000000e+02
1.747500000000000000e+02
1.717500000000000000e+02
1.732500000000000000e+02
1.727500000000000000e+02
1.727500000000000000e+02
1.735000000000000000e+02
1.730000000000000000e+02
1.725000000000000000e+02
1.725000000000000000e+02
1.730000000000000000e+02
1.742500000000000000e+02
1.742500000000000000e+02
1.742500000000000000e+02
1.730000000000000000e+02
1.727500000000000000e+02
1.727500000000000000e+02
1.717500000000000000e+02
1.715000000000000000e+02
1.715000000000000000e+02
1.717500000000000000e+02
1.712500000000000000e+02
1.727500000000000000e+02
1.727500000000000000e+02
1.720000000000000000e+02
1.720000000000000000e+02
1.720000000000000000e+02
1.702500000000000000e+02
1.700000000000000000e+02
1.717500000000000000e+02
1.717500000000000000e+02
1.715000000000000000e+02
1.725000000000000000e+02
1.725000000000000000e+02
1.690000000000000000e+02
1.682500000000000000e+02
1.700000000000000000e+02
1.700000000000000000e+02
1.700000000000000000e+02
1.702500000000000000e+02
1.702500000000000000e+02
1.702500000000000000e+02
1.695000000000000000e+02
1.697500000000000000e+02
1.697500000000000000e+02
1.697500000000000000e+02
1.697500000000000000e+02
1.697500000000000000e+02
1.697500000000000000e+02
1.705000000000000000e+02
1.705000000000000000e+02
1.700000000000000000e+02
1.702500000000000000e+02
1.710000000000000000e+02
1.710000000000000000e+02
1.702500000000000000e+02
1.710000000000000000e+02
1.710000000000000000e+02
1.710000000000000000e+02
1.710000000000000000e+02
1.707500000000000000e+02
1.707500000000000000e+02
1.712500000000000000e+02
1.712500000000000000e+02
1.712500000000000000e+02
1.700000000000000000e+02
1.697500000000000000e+02
1.697500000000000000e+02
1.697500000000000000e+02
1.700000000000000000e+02
1.675000000000000000e+02
1.675000000000000000e+02
1.672500000000000000e+02
1.662500000000000000e+02
1.662500000000000000e+02
1.680000000000000000e+02
1.685000000000000000e+02
1.687500000000000000e+02
1.687500000000000000e+02
1.670000000000000000e+02
1.680000000000000000e+02
1.680000000000000000e+02
1.680000000000000000e+02
1.670000000000000000e+02
1.670000000000000000e+02
1.672500000000000000e+02
1.682500000000000000e+02
1.682500000000000000e+02
1.642500000000000000e+02
1.615000000000000000e+02
1.580000000000000000e+02
1.580000000000000000e+02
1.597500000000000000e+02
1.620000000000000000e+02
1.620000000000000000e+02
1.617500000000000000e+02
1.627500000000000000e+02
1.627500000000000000e+02
1.630000000000000000e+02
1.622500000000000000e+02
1.622500000000000000e+02
1.635000000000000000e+02
1.640000000000000000e+02
1.640000000000000000e+02
1.645000000000000000e+02
1.632500000000000000e+02
1.632500000000000000e+02
1.632500000000000000e+02
1.627500000000000000e+02
1.627500000000000000e+02
1.630000000000000000e+02
1.627500000000000000e+02
1.627500000000000000e+02
1.615000000000000000e+02
1.607500000000000000e+02
1.607500000000000000e+02
1.592500000000000000e+02
1.587500000000000000e+02
1.587500000000000000e+02
1.575000000000000000e+02
1.572500000000000000e+02
1.572500000000000000e+02
1.592500000000000000e+02
1.597500000000000000e+02
1.597500000000000000e+02
1.575000000000000000e+02
1.585000000000000000e+02
1.585000000000000000e+02
1.582500000000000000e+02
1.592500000000000000e+02
1.592500000000000000e+02
1.597500000000000000e+02
1.590000000000000000e+02
1.590000000000000000e+02
1.577500000000000000e+02
1.540000000000000000e+02
1.540000000000000000e+02
1.562500000000000000e+02
1.565000000000000000e+02
1.565000000000000000e+02
1.572500000000000000e+02
1.572500000000000000e+02
1.572500000000000000e+02
1.552500000000000000e+02
1.552500000000000000e+02
1.552500000000000000e+02
1.510000000000000000e+02
1.510000000000000000e+02
1.517500000000000000e+02
1.505000000000000000e+02
1.505000000000000000e+02
1.362500000000000000e+02
1.362500000000000000e+02
1.372500000000000000e+02
1.372500000000000000e+02
1.380000000000000000e+02
1.407500000000000000e+02
1.407500000000000000e+02
1.372500000000000000e+02
1.372500000000000000e+02
1.395000000000000000e+02
1.395000000000000000e+02
1.397500000000000000e+02
1.395000000000000000e+02
1.395000000000000000e+02
1.417500000000000000e+02
1.422500000000000000e+02
1.422500000000000000e+02
1.510000000000000000e+02
1.510000000000000000e+02
1.515000000000000000e+02
1.515000000000000000e+02
1.515000000000000000e+02
1.485000000000000000e+02
1.485000000000000000e+02
1.477500000000000000e+02
1.525000000000000000e+02
1.525000000000000000e+02
1.497500000000000000e+02
1.480000000000000000e+02
1.480000000000000000e+02
1.440000000000000000e+02
1.440000000000000000e+02
1.377500000000000000e+02
1.377500000000000000e+02
1.280000000000000000e+02
1.280000000000000000e+02
1.262500000000000000e+02
1.350000000000000000e+02
1.350000000000000000e+02
1.305000000000000000e+02
1.305000000000000000e+02
1.307500000000000000e+02
1.307500000000000000e+02
1.335000000000000000e+02
1.335000000000000000e+02
1.370000000000000000e+02
1.382500000000000000e+02
1.382500000000000000e+02
1.367500000000000000e+02
1.367500000000000000e+02
1.300000000000000000e+02
1.300000000000000000e+02
1.225000000000000000e+02
1.225000000000000000e+02
1.297500000000000000e+02
1.297500000000000000e+02
1.290000000000000000e+02
1.200000000000000000e+02
1.200000000000000000e+02
1.200000000000000000e+02
1.057500000000000000e+02
1.057500000000000000e+02
1.150000000000000000e+02
1.150000000000000000e+02
1.225000000000000000e+02
1.225000000000000000e+02
1.302500000000000000e+02
1.302500000000000000e+02
1.317500000000000000e+02
1.365000000000000000e+02
1.365000000000000000e+02
1.395000000000000000e+02
1.395000000000000000e+02
1.417500000000000000e+02
1.447500000000000000e+02
1.447500000000000000e+02
1.420000000000000000e+02
1.420000000000000000e+02
1.415000000000000000e+02
1.405000000000000000e+02
1.405000000000000000e+02
1.432500000000000000e+02
1.432500000000000000e+02
1.412500000000000000e+02
1.385000000000000000e+02
1.385000000000000000e+02
1.355000000000000000e+02
1.355000000000000000e+02
1.310000000000000000e+02
1.310000000000000000e+02
1.332500000000000000e+02
1.332500000000000000e+02
1.365000000000000000e+02
1.385000000000000000e+02
1.385000000000000000e+02
1.385000000000000000e+02
1.385000000000000000e+02
1.397500000000000000e+02
1.397500000000000000e+02
1.412500000000000000e+02
1.430000000000000000e+02
1.430000000000000000e+02
1.397500000000000000e+02
1.397500000000000000e+02
1.410000000000000000e+02
1.445000000000000000e+02
1.445000000000000000e+02
1.462500000000000000e+02
1.462500000000000000e+02
1.470000000000000000e+02
1.450000000000000000e+02
1.450000000000000000e+02
1.440000000000000000e+02
1.440000000000000000e+02
1.452500000000000000e+02
1.460000000000000000e+02
1.460000000000000000e+02
1.392500000000000000e+02
1.392500000000000000e+02
1.390000000000000000e+02
1.392500000000000000e+02
1.392500000000000000e+02
1.445000000000000000e+02
1.445000000000000000e+02
1.472500000000000000e+02
1.487500000000000000e+02
1.487500000000000000e+02
1.457500000000000000e+02
1.457500000000000000e+02
1.365000000000000000e+02
1.365000000000000000e+02
1.365000000000000000e+02
1.365000000000000000e+02
1.137500000000000000e+02
1.137500000000000000e+02
1.180000000000000000e+02
1.180000000000000000e+02
1.197500000000000000e+02
1.197500000000000000e+02
1.207500000000000000e+02
1.207500000000000000e+02
1.200000000000000000e+02
1.200000000000000000e+02
1.210000000000000000e+02
1.210000000000000000e+02
1.177500000000000000e+02
1.177500000000000000e+02
1.145000000000000000e+02
1.145000000000000000e+02
1.165000000000000000e+02
1.165000000000000000e+02
1.172500000000000000e+02
1.172500000000000000e+02
1.207500000000000000e+02
1.207500000000000000e+02
1.192500000000000000e+02
1.192500000000000000e+02
1.172500000000000000e+02
1.172500000000000000e+02
1.182500000000000000e+02
1.182500000000000000e+02
1.182500000000000000e+02
1.195000000000000000e+02
1.195000000000000000e+02
1.205000000000000000e+02
1.222500000000000000e+02
1.222500000000000000e+02
1.240000000000000000e+02
1.240000000000000000e+02
1.420000000000000000e+02
1.420000000000000000e+02
1.465000000000000000e+02
1.475000000000000000e+02
1.475000000000000000e+02
1.480000000000000000e+02
1.480000000000000000e+02
1.475000000000000000e+02
1.462500000000000000e+02
1.462500000000000000e+02
1.472500000000000000e+02
1.450000000000000000e+02
1.450000000000000000e+02
1.417500000000000000e+02
1.417500000000000000e+02
1.297500000000000000e+02
1.297500000000000000e+02
1.135000000000000000e+02
1.135000000000000000e+02
1.212500000000000000e+02
1.212500000000000000e+02
1.237500000000000000e+02
1.237500000000000000e+02
1.250000000000000000e+02
1.250000000000000000e+02
1.232500000000000000e+02
1.232500000000000000e+02
1.247500000000000000e+02
1.247500000000000000e+02
1.242500000000000000e+02
1.242500000000000000e+02
1.230000000000000000e+02
1.230000000000000000e+02
1.260000000000000000e+02
1.260000000000000000e+02
1.257500000000000000e+02
1.277500000000000000e+02
1.277500000000000000e+02
1.277500000000000000e+02
1.277500000000000000e+02
1.280000000000000000e+02
1.280000000000000000e+02
1.267500000000000000e+02
1.267500000000000000e+02
1.267500000000000000e+02
1.267500000000000000e+02
1.267500000000000000e+02
1.267500000000000000e+02
1.267500000000000000e+02
1.267500000000000000e+02
1.282500000000000000e+02
1.272500000000000000e+02
1.272500000000000000e+02
1.295000000000000000e+02
1.295000000000000000e+02
1.347500000000000000e+02
1.347500000000000000e+02
1.325000000000000000e+02
1.325000000000000000e+02
1.365000000000000000e+02
1.327500000000000000e+02
1.327500000000000000e+02
1.422500000000000000e+02
1.422500000000000000e+02
1.505000000000000000e+02
1.540000000000000000e+02
1.540000000000000000e+02
1.525000000000000000e+02
1.540000000000000000e+02
1.540000000000000000e+02
1.510000000000000000e+02
1.510000000000000000e+02
1.482500000000000000e+02
1.447500000000000000e+02
1.447500000000000000e+02
1.390000000000000000e+02
1.390000000000000000e+02
1.297500000000000000e+02
1.297500000000000000e+02
1.232500000000000000e+02
1.232500000000000000e+02
1.302500000000000000e+02
1.337500000000000000e+02
1.337500000000000000e+02
1.345000000000000000e+02
1.345000000000000000e+02
1.275000000000000000e+02
1.275000000000000000e+02
1.277500000000000000e+02
1.277500000000000000e+02
1.280000000000000000e+02
1.280000000000000000e+02
1.280000000000000000e+02
1.280000000000000000e+02
1.280000000000000000e+02
1.280000000000000000e+02
1.280000000000000000e+02
1.280000000000000000e+02
1.280000000000000000e+02
1.280000000000000000e+02
1.280000000000000000e+02
1.280000000000000000e+02
1.047500000000000000e+02
1.047500000000000000e+02
1.047500000000000000e+02
1.025000000000000000e+02
1.025000000000000000e+02
1.047500000000000000e+02
1.047500000000000000e+02
1.082500000000000000e+02
1.082500000000000000e+02
1.102500000000000000e+02
1.102500000000000000e+02
1.122500000000000000e+02
1.122500000000000000e+02
1.120000000000000000e+02
1.120000000000000000e+02
1.120000000000000000e+02
1.110000000000000000e+02
1.110000000000000000e+02
1.097500000000000000e+02
1.097500000000000000e+02
1.112500000000000000e+02
1.112500000000000000e+02
1.130000000000000000e+02
1.130000000000000000e+02
1.130000000000000000e+02
1.130000000000000000e+02
1.130000000000000000e+02
1.130000000000000000e+02
1.130000000000000000e+02
1.130000000000000000e+02
1.130000000000000000e+02
1.130000000000000000e+02
1.130000000000000000e+02
1.130000000000000000e+02
1.130000000000000000e+02
1.130000000000000000e+02
1.245000000000000000e+02
1.360000000000000000e+02
1.475000000000000000e+02
1.425000000000000000e+02
1.425000000000000000e+02
1.225000000000000000e+02
1.225000000000000000e+02
1.225000000000000000e+02
1.117500000000000000e+02
1.117500000000000000e+02
1.180000000000000000e+02
1.180000000000000000e+02
1.185000000000000000e+02
1.185000000000000000e+02
1.167500000000000000e+02
1.167500000000000000e+02
1.185000000000000000e+02
1.185000000000000000e+02
1.227500000000000000e+02
1.227500000000000000e+02
1.207500000000000000e+02
1.207500000000000000e+02
1.215000000000000000e+02
1.215000000000000000e+02
1.200000000000000000e+02
1.200000000000000000e+02
1.227500000000000000e+02
1.227500000000000000e+02
1.227500000000000000e+02
1.240000000000000000e+02
1.240000000000000000e+02
1.265000000000000000e+02
1.265000000000000000e+02
1.230000000000000000e+02
1.230000000000000000e+02
1.240000000000000000e+02
1.240000000000000000e+02
1.272500000000000000e+02
1.272500000000000000e+02
1.302500000000000000e+02
1.302500000000000000e+02
1.380000000000000000e+02
1.537500000000000000e+02
1.537500000000000000e+02
1.550000000000000000e+02
1.557500000000000000e+02
1.557500000000000000e+02
1.535000000000000000e+02
1.535000000000000000e+02
1.502500000000000000e+02
1.467500000000000000e+02
1.467500000000000000e+02
1.442500000000000000e+02
1.390000000000000000e+02
1.390000000000000000e+02
1.337500000000000000e+02
1.337500000000000000e+02
1.302500000000000000e+02
1.302500000000000000e+02
1.310000000000000000e+02
1.310000000000000000e+02
1.350000000000000000e+02
1.410000000000000000e+02
1.410000000000000000e+02
1.442500000000000000e+02
1.442500000000000000e+02
1.425000000000000000e+02
1.435000000000000000e+02
1.435000000000000000e+02
1.422500000000000000e+02
1.422500000000000000e+02
1.250000000000000000e+02
1.250000000000000000e+02
1.252500000000000000e+02
1.252500000000000000e+02
1.247500000000000000e+02
1.247500000000000000e+02
1.222500000000000000e+02
1.222500000000000000e+02
1.227500000000000000e+02
1.227500000000000000e+02
1.210000000000000000e+02
1.210000000000000000e+02
1.202500000000000000e+02
1.202500000000000000e+02
1.235000000000000000e+02
1.235000000000000000e+02
1.237500000000000000e+02
1.237500000000000000e+02
1.220000000000000000e+02
1.220000000000000000e+02
1.122500000000000000e+02
1.122500000000000000e+02
9.900000000000000000e+01
9.900000000000000000e+01
9.900000000000000000e+01
9.900000000000000000e+01
9.900000000000000000e+01
1.017500000000000000e+02
1.017500000000000000e+02
1.047500000000000000e+02
1.047500000000000000e+02
1.047500000000000000e+02
1.062500000000000000e+02
1.062500000000000000e+02
1.097500000000000000e+02
1.097500000000000000e+02
1.082500000000000000e+02
1.082500000000000000e+02
1.050000000000000000e+02
1.050000000000000000e+02
1.050000000000000000e+02
1.050000000000000000e+02
1.050000000000000000e+02
1.060000000000000000e+02
1.060000000000000000e+02
1.040000000000000000e+02
1.040000000000000000e+02
1.032500000000000000e+02
1.032500000000000000e+02
1.032500000000000000e+02
1.050000000000000000e+02
1.050000000000000000e+02
1.122500000000000000e+02
1.122500000000000000e+02
1.150000000000000000e+02
1.150000000000000000e+02
1.057500000000000000e+02
1.057500000000000000e+02
1.057500000000000000e+02
9.800000000000000000e+01
9.800000000000000000e+01
9.700000000000000000e+01
9.700000000000000000e+01
9.700000000000000000e+01
9.825000000000000000e+01
9.825000000000000000e+01
9.825000000000000000e+01
9.825000000000000000e+01
1.000000000000000000e+02
1.000000000000000000e+02
1.000000000000000000e+02
1.005000000000000000e+02
1.005000000000000000e+02
9.800000000000000000e+01
9.800000000000000000e+01
9.800000000000000000e+01
1.005000000000000000e+02
1.005000000000000000e+02
1.072500000000000000e+02
1.072500000000000000e+02
1.085000000000000000e+02
1.085000000000000000e+02
1.022500000000000000e+02
1.022500000000000000e+02
1.022500000000000000e+02
9.725000000000000000e+01
9.725000000000000000e+01
1.022500000000000000e+02
1.022500000000000000e+02
1.022500000000000000e+02
1.072500000000000000e+02
1.072500000000000000e+02
1.100000000000000000e+02
1.100000000000000000e+02
1.055000000000000000e+02
1.055000000000000000e+02
1.020000000000000000e+02
1.020000000000000000e+02
1.020000000000000000e+02
1.087500000000000000e+02
1.087500000000000000e+02
1.117500000000000000e+02
1.117500000000000000e+02
1.115000000000000000e+02
1.115000000000000000e+02
1.072500000000000000e+02
1.072500000000000000e+02
1.072500000000000000e+02
9.925000000000000000e+01
9.925000000000000000e+01
9.600000000000000000e+01
9.600000000000000000e+01
9.600000000000000000e+01
9.500000000000000000e+01
9.500000000000000000e+01
9.425000000000000000e+01
9.425000000000000000e+01
9.525000000000000000e+01
9.525000000000000000e+01
9.525000000000000000e+01
9.375000000000000000e+01
9.375000000000000000e+01
9.375000000000000000e+01
9.325000000000000000e+01
9.325000000000000000e+01
9.725000000000000000e+01
9.725000000000000000e+01
9.725000000000000000e+01
9.750000000000000000e+01
9.750000000000000000e+01
9.525000000000000000e+01
9.525000000000000000e+01
9.525000000000000000e+01
9.600000000000000000e+01
9.600000000000000000e+01
9.775000000000000000e+01
9.775000000000000000e+01
9.775000000000000000e+01
9.625000000000000000e+01
9.625000000000000000e+01
9.475000000000000000e+01
9.475000000000000000e+01
9.475000000000000000e+01
9.500000000000000000e+01
9.500000000000000000e+01
9.675000000000000000e+01
9.675000000000000000e+01
9.675000000000000000e+01
9.850000000000000000e+01
9.850000000000000000e+01
1.005000000000000000e+02
1.005000000000000000e+02
9.875000000000000000e+01
9.875000000000000000e+01
9.875000000000000000e+01
9.625000000000000000e+01
9.625000000000000000e+01
9.475000000000000000e+01
9.475000000000000000e+01
9.475000000000000000e+01
9.075000000000000000e+01
9.075000000000000000e+01
9.075000000000000000e+01
8.900000000000000000e+01
8.900000000000000000e+01
8.725000000000000000e+01
8.725000000000000000e+01
8.725000000000000000e+01
8.475000000000000000e+01
8.475000000000000000e+01
8.475000000000000000e+01
8.675000000000000000e+01
8.675000000000000000e+01
8.675000000000000000e+01
8.775000000000000000e+01
8.775000000000000000e+01
8.775000000000000000e+01
8.675000000000000000e+01
8.675000000000000000e+01
8.675000000000000000e+01
8.675000000000000000e+01
8.675000000000000000e+01
8.600000000000000000e+01
8.600000000000000000e+01
8.600000000000000000e+01
8.800000000000000000e+01
8.800000000000000000e+01
8.800000000000000000e+01
8.850000000000000000e+01
8.850000000000000000e+01
8.750000000000000000e+01
8.750000000000000000e+01
8.750000000000000000e+01
8.925000000000000000e+01
8.925000000000000000e+01
8.925000000000000000e+01
9.025000000000000000e+01
9.025000000000000000e+01
9.175000000000000000e+01
9.175000000000000000e+01
9.175000000000000000e+01
8.875000000000000000e+01
8.875000000000000000e+01
8.875000000000000000e+01
9.150000000000000000e+01
9.150000000000000000e+01
9.350000000000000000e+01
9.350000000000000000e+01
9.350000000000000000e+01
9.250000000000000000e+01
9.250000000000000000e+01
9.400000000000000000e+01
9.400000000000000000e+01
9.400000000000000000e+01
9.625000000000000000e+01
9.625000000000000000e+01
9.650000000000000000e+01
9.650000000000000000e+01
9.650000000000000000e+01
9.675000000000000000e+01
9.675000000000000000e+01
9.550000000000000000e+01
9.550000000000000000e+01
9.550000000000000000e+01
9.475000000000000000e+01
9.475000000000000000e+01
9.650000000000000000e+01
9.650000000000000000e+01
9.650000000000000000e+01
9.700000000000000000e+01
9.700000000000000000e+01
1.005000000000000000e+02
1.005000000000000000e+02
1.005000000000000000e+02
1.025000000000000000e+02
1.025000000000000000e+02
1.027500000000000000e+02
1.027500000000000000e+02
1.047500000000000000e+02
1.047500000000000000e+02
1.052500000000000000e+02
1.052500000000000000e+02
1.052500000000000000e+02
1.035000000000000000e+02
1.035000000000000000e+02
1.057500000000000000e+02
1.057500000000000000e+02
1.055000000000000000e+02
1.055000000000000000e+02
1.055000000000000000e+02
1.060000000000000000e+02
1.060000000000000000e+02
1.055000000000000000e+02
1.055000000000000000e+02
1.062500000000000000e+02
1.062500000000000000e+02
1.062500000000000000e+02
1.020000000000000000e+02
1.020000000000000000e+02
1.052500000000000000e+02
1.052500000000000000e+02
1.070000000000000000e+02
1.070000000000000000e+02
1.080000000000000000e+02
1.080000000000000000e+02
1.082500000000000000e+02
1.082500000000000000e+02
1.082500000000000000e+02
1.085000000000000000e+02
1.085000000000000000e+02
1.080000000000000000e+02
1.080000000000000000e+02
1.090000000000000000e+02
1.090000000000000000e+02
1.107500000000000000e+02
1.107500000000000000e+02
1.085000000000000000e+02
1.085000000000000000e+02
1.085000000000000000e+02
1.097500000000000000e+02
1.097500000000000000e+02
1.110000000000000000e+02
1.110000000000000000e+02
1.135000000000000000e+02
1.135000000000000000e+02
1.137500000000000000e+02
1.137500000000000000e+02
1.137500000000000000e+02
1.137500000000000000e+02
1.162500000000000000e+02
1.162500000000000000e+02
1.157500000000000000e+02
1.157500000000000000e+02
1.160000000000000000e+02
1.160000000000000000e+02
1.175000000000000000e+02
1.175000000000000000e+02
1.187500000000000000e+02
1.187500000000000000e+02
1.185000000000000000e+02
1.185000000000000000e+02
1.197500000000000000e+02
1.197500000000000000e+02
1.200000000000000000e+02
1.200000000000000000e+02
1.180000000000000000e+02
1.180000000000000000e+02
1.180000000000000000e+02
1.152500000000000000e+02
1.152500000000000000e+02
1.062500000000000000e+02
1.062500000000000000e+02
1.177500000000000000e+02
1.177500000000000000e+02
1.142500000000000000e+02
1.142500000000000000e+02
1.197500000000000000e+02
1.197500000000000000e+02
1.265000000000000000e+02
1.265000000000000000e+02
1.280000000000000000e+02
1.280000000000000000e+02
1.280000000000000000e+02
1.555000000000000000e+02
1.637500000000000000e+02
1.637500000000000000e+02
1.612500000000000000e+02
1.642500000000000000e+02
1.642500000000000000e+02
1.635000000000000000e+02
1.640000000000000000e+02
1.640000000000000000e+02
1.620000000000000000e+02
1.620000000000000000e+02
1.620000000000000000e+02
1.597500000000000000e+02
1.562500000000000000e+02
1.562500000000000000e+02
1.495000000000000000e+02
1.495000000000000000e+02
1.425000000000000000e+02
1.442500000000000000e+02
1.442500000000000000e+02
1.475000000000000000e+02
1.485000000000000000e+02
1.485000000000000000e+02
1.515000000000000000e+02
1.515000000000000000e+02
1.545000000000000000e+02
1.547500000000000000e+02
1.547500000000000000e+02
1.567500000000000000e+02
1.537500000000000000e+02
1.537500000000000000e+02
1.592500000000000000e+02
1.617500000000000000e+02
1.617500000000000000e+02
1.600000000000000000e+02
1.615000000000000000e+02
1.615000000000000000e+02
1.625000000000000000e+02
1.637500000000000000e+02
1.637500000000000000e+02
1.637500000000000000e+02
1.655000000000000000e+02
1.650000000000000000e+02
1.650000000000000000e+02
1.657500000000000000e+02
1.675000000000000000e+02
1.675000000000000000e+02
1.665000000000000000e+02
1.660000000000000000e+02
1.660000000000000000e+02
1.660000000000000000e+02
1.662500000000000000e+02
1.662500000000000000e+02
1.655000000000000000e+02
1.632500000000000000e+02
1.625000000000000000e+02
1.625000000000000000e+02
1.645000000000000000e+02
1.647500000000000000e+02
1.647500000000000000e+02
1.637500000000000000e+02
1.617500000000000000e+02
1.617500000000000000e+02
1.640000000000000000e+02
1.630000000000000000e+02
1.630000000000000000e+02
1.590000000000000000e+02
1.610000000000000000e+02
1.610000000000000000e+02
1.607500000000000000e+02
1.612500000000000000e+02
1.612500000000000000e+02
1.612500000000000000e+02
1.627500000000000000e+02
1.627500000000000000e+02
1.637500000000000000e+02
1.672500000000000000e+02
1.672500000000000000e+02
1.630000000000000000e+02
1.642500000000000000e+02
1.662500000000000000e+02
1.662500000000000000e+02
1.665000000000000000e+02
1.630000000000000000e+02
1.630000000000000000e+02
1.650000000000000000e+02
1.662500000000000000e+02
1.662500000000000000e+02
1.677500000000000000e+02
1.647500000000000000e+02
1.647500000000000000e+02
1.662500000000000000e+02
1.657500000000000000e+02
1.657500000000000000e+02
1.657500000000000000e+02
1.652500000000000000e+02
1.650000000000000000e+02
1.650000000000000000e+02
1.655000000000000000e+02
1.660000000000000000e+02
1.660000000000000000e+02
1.647500000000000000e+02
1.635000000000000000e+02
1.635000000000000000e+02
1.630000000000000000e+02
1.655000000000000000e+02
1.655000000000000000e+02
1.667500000000000000e+02
1.675000000000000000e+02
1.675000000000000000e+02
1.645000000000000000e+02
1.665000000000000000e+02
1.680000000000000000e+02
1.680000000000000000e+02
1.657500000000000000e+02
1.625000000000000000e+02
1.625000000000000000e+02
1.615000000000000000e+02
1.620000000000000000e+02
1.620000000000000000e+02
1.620000000000000000e+02
1.635000000000000000e+02
1.635000000000000000e+02
1.630000000000000000e+02
1.645000000000000000e+02
1.645000000000000000e+02
1.635000000000000000e+02
1.657500000000000000e+02
1.692500000000000000e+02
1.692500000000000000e+02
1.637500000000000000e+02
1.682500000000000000e+02
1.682500000000000000e+02
1.682500000000000000e+02
1.695000000000000000e+02
1.695000000000000000e+02
1.710000000000000000e+02
1.697500000000000000e+02
1.692500000000000000e+02
1.692500000000000000e+02
1.702500000000000000e+02
1.692500000000000000e+02
1.692500000000000000e+02
1.705000000000000000e+02
1.690000000000000000e+02
1.707500000000000000e+02
1.707500000000000000e+02
1.700000000000000000e+02
1.700000000000000000e+02
1.700000000000000000e+02
1.655000000000000000e+02
1.690000000000000000e+02
1.690000000000000000e+02
1.697500000000000000e+02
1.702500000000000000e+02
1.695000000000000000e+02
1.695000000000000000e+02
1.695000000000000000e+02
1.687500000000000000e+02
1.687500000000000000e+02
1.682500000000000000e+02
1.697500000000000000e+02
1.690000000000000000e+02
1.690000000000000000e+02
1.685000000000000000e+02
1.705000000000000000e+02
1.705000000000000000e+02
1.690000000000000000e+02
1.692500000000000000e+02
1.692500000000000000e+02
1.680000000000000000e+02
1.695000000000000000e+02
1.695000000000000000e+02
1.695000000000000000e+02
1.677500000000000000e+02
1.697500000000000000e+02
1.697500000000000000e+02
1.705000000000000000e+02
1.682500000000000000e+02
1.682500000000000000e+02
1.675000000000000000e+02
1.690000000000000000e+02
1.697500000000000000e+02
1.697500000000000000e+02
1.677500000000000000e+02
1.705000000000000000e+02
1.705000000000000000e+02
1.685000000000000000e+02
1.717500000000000000e+02
1.717500000000000000e+02
1.692500000000000000e+02
1.677500000000000000e+02
1.647500000000000000e+02
1.647500000000000000e+02
1.680000000000000000e+02
1.672500000000000000e+02
1.672500000000000000e+02
1.665000000000000000e+02
1.672500000000000000e+02
1.702500000000000000e+02
1.702500000000000000e+02
1.642500000000000000e+02
1.672500000000000000e+02
1.672500000000000000e+02
1.685000000000000000e+02
1.662500000000000000e+02
1.662500000000000000e+02
1.672500000000000000e+02
1.695000000000000000e+02
1.695000000000000000e+02
1.692500000000000000e+02
1.687500000000000000e+02
1.707500000000000000e+02
1.707500000000000000e+02
1.655000000000000000e+02
1.652500000000000000e+02
1.652500000000000000e+02
1.640000000000000000e+02
1.642500000000000000e+02
1.642500000000000000e+02
1.665000000000000000e+02
1.680000000000000000e+02
1.680000000000000000e+02
1.650000000000000000e+02
1.677500000000000000e+02
1.672500000000000000e+02
1.672500000000000000e+02
1.702500000000000000e+02
1.690000000000000000e+02
1.690000000000000000e+02
1.695000000000000000e+02
1.692500000000000000e+02
1.692500000000000000e+02
1.710000000000000000e+02
1.727500000000000000e+02
1.707500000000000000e+02
1.707500000000000000e+02
1.717500000000000000e+02
1.730000000000000000e+02
1.737500000000000000e+02
1.737500000000000000e+02
1.732500000000000000e+02
1.742500000000000000e+02
1.742500000000000000e+02
1.732500000000000000e+02
1.735000000000000000e+02
1.717500000000000000e+02
1.717500000000000000e+02
1.727500000000000000e+02
1.725000000000000000e+02
1.725000000000000000e+02
1.730000000000000000e+02
1.722500000000000000e+02
1.742500000000000000e+02
1.742500000000000000e+02
1.737500000000000000e+02
1.717500000000000000e+02
1.697500000000000000e+02
1.697500000000000000e+02
1.642500000000000000e+02
1.677500000000000000e+02
1.677500000000000000e+02
1.697500000000000000e+02
1.727500000000000000e+02
1.727500000000000000e+02
1.732500000000000000e+02
1.745000000000000000e+02
1.730000000000000000e+02
1.730000000000000000e+02
1.710000000000000000e+02
1.740000000000000000e+02
1.750000000000000000e+02
1.750000000000000000e+02
1.760000000000000000e+02
1.762500000000000000e+02
1.762500000000000000e+02
1.767500000000000000e+02
1.757500000000000000e+02
1.757500000000000000e+02
1.757500000000000000e+02
1.757500000000000000e+02
1.762500000000000000e+02
1.750000000000000000e+02
1.750000000000000000e+02
1.740000000000000000e+02
1.732500000000000000e+02
1.732500000000000000e+02
1.737500000000000000e+02
1.745000000000000000e+02
1.720000000000000000e+02
1.720000000000000000e+02
1.715000000000000000e+02
1.710000000000000000e+02
1.710000000000000000e+02
1.715000000000000000e+02
1.712500000000000000e+02
1.717500000000000000e+02
1.717500000000000000e+02
1.667500000000000000e+02
1.712500000000000000e+02
1.712500000000000000e+02
1.682500000000000000e+02
1.705000000000000000e+02
1.702500000000000000e+02
1.702500000000000000e+02
1.702500000000000000e+02
1.692500000000000000e+02
1.692500000000000000e+02
1.705000000000000000e+02
1.690000000000000000e+02
1.647500000000000000e+02
1.647500000000000000e+02
1.680000000000000000e+02
1.662500000000000000e+02
1.662500000000000000e+02
1.690000000000000000e+02
1.705000000000000000e+02
1.705000000000000000e+02
1.725000000000000000e+02
1.710000000000000000e+02
1.745000000000000000e+02
1.745000000000000000e+02
1.720000000000000000e+02
1.725000000000000000e+02
1.725000000000000000e+02
1.747500000000000000e+02
1.722500000000000000e+02
1.722500000000000000e+02
1.722500000000000000e+02
1.735000000000000000e+02
1.730000000000000000e+02
1.732500000000000000e+02
1.732500000000000000e+02
1.732500000000000000e+02
1.735000000000000000e+02
1.735000000000000000e+02
1.707500000000000000e+02
1.717500000000000000e+02
1.715000000000000000e+02
1.715000000000000000e+02
1.720000000000000000e+02
1.717500000000000000e+02
1.717500000000000000e+02
1.712500000000000000e+02
1.705000000000000000e+02
1.697500000000000000e+02
1.697500000000000000e+02
1.690000000000000000e+02
1.707500000000000000e+02
1.707500000000000000e+02
1.692500000000000000e+02
1.685000000000000000e+02
1.685000000000000000e+02
1.707500000000000000e+02
1.700000000000000000e+02
1.687500000000000000e+02
1.687500000000000000e+02
1.700000000000000000e+02
1.695000000000000000e+02
1.695000000000000000e+02
1.687500000000000000e+02
1.685000000000000000e+02
1.660000000000000000e+02
1.660000000000000000e+02
1.685000000000000000e+02
1.675000000000000000e+02
1.675000000000000000e+02
1.650000000000000000e+02
1.650000000000000000e+02
1.650000000000000000e+02
1.625000000000000000e+02
1.620000000000000000e+02
1.620000000000000000e+02
1.617500000000000000e+02
1.607500000000000000e+02
1.607500000000000000e+02
1.607500000000000000e+02
1.625000000000000000e+02
1.625000000000000000e+02
1.627500000000000000e+02
1.605000000000000000e+02
1.605000000000000000e+02
1.597500000000000000e+02
1.572500000000000000e+02
1.572500000000000000e+02
1.480000000000000000e+02
1.495000000000000000e+02
1.495000000000000000e+02
1.497500000000000000e+02
1.497500000000000000e+02
1.517500000000000000e+02
1.522500000000000000e+02
1.522500000000000000e+02
1.517500000000000000e+02
1.542500000000000000e+02
1.542500000000000000e+02
1.537500000000000000e+02
1.550000000000000000e+02
1.550000000000000000e+02
1.590000000000000000e+02
1.672500000000000000e+02
1.672500000000000000e+02
1.655000000000000000e+02
1.667500000000000000e+02
1.667500000000000000e+02
1.640000000000000000e+02
1.617500000000000000e+02
1.617500000000000000e+02
1.602500000000000000e+02
1.585000000000000000e+02
1.585000000000000000e+02
1.620000000000000000e+02
1.655000000000000000e+02
1.655000000000000000e+02
1.697500000000000000e+02
1.687500000000000000e+02
1.697500000000000000e+02
1.697500000000000000e+02
1.675000000000000000e+02
1.690000000000000000e+02
1.690000000000000000e+02
1.690000000000000000e+02
1.700000000000000000e+02
1.662500000000000000e+02
1.662500000000000000e+02
1.662500000000000000e+02
1.657500000000000000e+02
1.657500000000000000e+02
1.680000000000000000e+02
1.632500000000000000e+02
1.632500000000000000e+02
1.655000000000000000e+02
1.622500000000000000e+02
1.622500000000000000e+02
1.610000000000000000e+02
1.605000000000000000e+02
1.605000000000000000e+02
1.572500000000000000e+02
1.570000000000000000e+02
1.570000000000000000e+02
1.550000000000000000e+02
1.545000000000000000e+02
1.545000000000000000e+02
1.507500000000000000e+02
1.525000000000000000e+02
1.525000000000000000e+02
1.525000000000000000e+02
1.525000000000000000e+02
1.525000000000000000e+02
1.520000000000000000e+02
1.520000000000000000e+02
1.502500000000000000e+02
1.495000000000000000e+02
1.495000000000000000e+02
1.507500000000000000e+02
1.507500000000000000e+02
1.495000000000000000e+02
1.490000000000000000e+02
1.490000000000000000e+02
1.477500000000000000e+02
1.477500000000000000e+02
1.485000000000000000e+02
1.477500000000000000e+02
1.477500000000000000e+02
1.495000000000000000e+02
1.492500000000000000e+02
1.492500000000000000e+02
1.480000000000000000e+02
1.480000000000000000e+02
1.390000000000000000e+02
1.355000000000000000e+02
1.355000000000000000e+02
1.395000000000000000e+02
1.395000000000000000e+02
1.395000000000000000e+02
1.395000000000000000e+02
1.390000000000000000e+02
1.395000000000000000e+02
1.395000000000000000e+02
1.342500000000000000e+02
1.342500000000000000e+02
1.295000000000000000e+02
1.295000000000000000e+02
1.295000000000000000e+02
1.295000000000000000e+02
1.295000000000000000e+02
1.020000000000000000e+02
1.020000000000000000e+02
1.070000000000000000e+02
1.070000000000000000e+02
1.070000000000000000e+02
8.625000000000000000e+01
8.625000000000000000e+01
8.625000000000000000e+01
8.525000000000000000e+01
8.525000000000000000e+01
8.950000000000000000e+01
8.950000000000000000e+01
8.950000000000000000e+01
8.750000000000000000e+01
8.750000000000000000e+01
8.750000000000000000e+01
7.700000000000000000e+01
7.700000000000000000e+01
7.700000000000000000e+01
8.125000000000000000e+01
8.125000000000000000e+01
8.125000000000000000e+01
8.375000000000000000e+01
8.375000000000000000e+01
8.375000000000000000e+01
8.525000000000000000e+01
8.525000000000000000e+01
8.525000000000000000e+01
8.725000000000000000e+01
8.725000000000000000e+01
8.925000000000000000e+01
8.925000000000000000e+01
8.925000000000000000e+01
9.700000000000000000e+01
9.700000000000000000e+01
1.060000000000000000e+02
1.060000000000000000e+02
1.102500000000000000e+02
1.102500000000000000e+02
1.142500000000000000e+02
1.142500000000000000e+02
1.125000000000000000e+02
1.125000000000000000e+02
1.102500000000000000e+02
1.102500000000000000e+02
1.102500000000000000e+02
1.147500000000000000e+02
1.147500000000000000e+02
1.127500000000000000e+02
1.127500000000000000e+02
1.062500000000000000e+02
1.062500000000000000e+02
1.062500000000000000e+02
9.275000000000000000e+01
9.275000000000000000e+01
9.150000000000000000e+01
9.150000000000000000e+01
9.150000000000000000e+01
9.275000000000000000e+01
9.275000000000000000e+01
9.600000000000000000e+01
9.600000000000000000e+01
1.115000000000000000e+02
1.115000000000000000e+02
1.115000000000000000e+02
1.140000000000000000e+02
1.140000000000000000e+02
1.162500000000000000e+02
1.162500000000000000e+02
1.077500000000000000e+02
1.077500000000000000e+02
9.950000000000000000e+01
9.950000000000000000e+01
9.950000000000000000e+01
1.027500000000000000e+02
1.027500000000000000e+02
1.027500000000000000e+02
1.027500000000000000e+02
1.007500000000000000e+02
1.007500000000000000e+02
1.007500000000000000e+02
9.900000000000000000e+01
9.900000000000000000e+01
1.032500000000000000e+02
1.032500000000000000e+02
1.037500000000000000e+02
1.037500000000000000e+02
1.037500000000000000e+02
1.047500000000000000e+02
1.047500000000000000e+02
1.055000000000000000e+02
1.055000000000000000e+02
1.047500000000000000e+02
1.047500000000000000e+02
1.047500000000000000e+02
1.062500000000000000e+02
1.062500000000000000e+02
1.062500000000000000e+02
1.062500000000000000e+02
1.067500000000000000e+02
1.067500000000000000e+02
1.070000000000000000e+02
1.070000000000000000e+02
1.070000000000000000e+02
1.077500000000000000e+02
1.077500000000000000e+02
1.072500000000000000e+02
1.072500000000000000e+02
1.065000000000000000e+02
1.065000000000000000e+02
1.060000000000000000e+02
1.060000000000000000e+02
1.075000000000000000e+02
1.075000000000000000e+02
1.075000000000000000e+02
1.072500000000000000e+02
1.072500000000000000e+02
1.072500000000000000e+02
1.072500000000000000e+02
1.065000000000000000e+02
1.065000000000000000e+02
1.065000000000000000e+02
1.047500000000000000e+02
1.047500000000000000e+02
1.052500000000000000e+02
1.052500000000000000e+02
1.055000000000000000e+02
1.055000000000000000e+02
1.057500000000000000e+02
1.057500000000000000e+02
1.057500000000000000e+02
1.075000000000000000e+02
1.075000000000000000e+02
1.075000000000000000e+02
1.075000000000000000e+02
1.085000000000000000e+02
1.085000000000000000e+02
1.090000000000000000e+02
1.090000000000000000e+02
1.077500000000000000e+02
1.077500000000000000e+02
1.077500000000000000e+02
1.077500000000000000e+02
1.077500000000000000e+02
1.092500000000000000e+02
1.092500000000000000e+02
1.097500000000000000e+02
1.097500000000000000e+02
1.087500000000000000e+02
1.087500000000000000e+02
1.100000000000000000e+02
1.100000000000000000e+02
1.100000000000000000e+02
1.090000000000000000e+02
1.090000000000000000e+02
1.120000000000000000e+02
1.120000000000000000e+02
1.130000000000000000e+02
1.130000000000000000e+02
1.127500000000000000e+02
1.127500000000000000e+02
1.125000000000000000e+02
1.125000000000000000e+02
1.130000000000000000e+02
1.130000000000000000e+02
1.285000000000000000e+02
1.285000000000000000e+02
1.357500000000000000e+02
1.357500000000000000e+02
1.237500000000000000e+02
1.237500000000000000e+02
1.035000000000000000e+02
1.035000000000000000e+02
1.092500000000000000e+02
1.092500000000000000e+02
1.147500000000000000e+02
1.147500000000000000e+02
1.170000000000000000e+02
1.170000000000000000e+02
1.170000000000000000e+02
1.175000000000000000e+02
1.175000000000000000e+02
1.200000000000000000e+02
1.200000000000000000e+02
1.175000000000000000e+02
1.175000000000000000e+02
1.195000000000000000e+02
1.195000000000000000e+02
1.215000000000000000e+02
1.215000000000000000e+02
1.200000000000000000e+02
1.200000000000000000e+02
1.240000000000000000e+02
1.432500000000000000e+02
1.432500000000000000e+02
1.510000000000000000e+02
1.507500000000000000e+02
1.507500000000000000e+02
1.490000000000000000e+02
1.490000000000000000e+02
1.440000000000000000e+02
1.420000000000000000e+02
1.420000000000000000e+02
1.345000000000000000e+02
1.345000000000000000e+02
1.262500000000000000e+02
1.262500000000000000e+02
1.265000000000000000e+02
1.265000000000000000e+02
1.315000000000000000e+02
1.435000000000000000e+02
1.435000000000000000e+02
1.510000000000000000e+02
1.510000000000000000e+02
1.550000000000000000e+02
1.552500000000000000e+02
1.552500000000000000e+02
1.565000000000000000e+02
1.562500000000000000e+02
1.562500000000000000e+02
1.580000000000000000e+02
1.610000000000000000e+02
1.610000000000000000e+02
1.612500000000000000e+02
1.595000000000000000e+02
1.595000000000000000e+02
1.605000000000000000e+02
1.595000000000000000e+02
1.595000000000000000e+02
1.600000000000000000e+02
1.602500000000000000e+02
1.602500000000000000e+02
1.567500000000000000e+02
1.560000000000000000e+02
1.560000000000000000e+02
1.515000000000000000e+02
1.500000000000000000e+02
1.500000000000000000e+02
1.490000000000000000e+02
1.490000000000000000e+02
1.457500000000000000e+02
1.387500000000000000e+02
1.387500000000000000e+02
1.342500000000000000e+02
1.342500000000000000e+02
1.300000000000000000e+02
1.300000000000000000e+02
1.332500000000000000e+02
1.332500000000000000e+02
1.337500000000000000e+02
1.402500000000000000e+02
1.402500000000000000e+02
1.415000000000000000e+02
1.415000000000000000e+02
1.482500000000000000e+02
1.545000000000000000e+02
1.545000000000000000e+02
1.607500000000000000e+02
1.665000000000000000e+02
1.665000000000000000e+02
1.680000000000000000e+02
1.682500000000000000e+02
1.685000000000000000e+02
1.685000000000000000e+02
1.692500000000000000e+02
1.687500000000000000e+02
1.687500000000000000e+02
1.695000000000000000e+02
1.702500000000000000e+02
1.710000000000000000e+02
1.710000000000000000e+02
1.720000000000000000e+02
1.705000000000000000e+02
1.705000000000000000e+02
1.707500000000000000e+02
1.660000000000000000e+02
1.660000000000000000e+02
1.672500000000000000e+02
1.665000000000000000e+02
1.665000000000000000e+02
1.672500000000000000e+02
1.675000000000000000e+02
1.672500000000000000e+02
1.672500000000000000e+02
1.665000000000000000e+02
1.652500000000000000e+02
1.652500000000000000e+02
1.652500000000000000e+02
1.650000000000000000e+02
1.650000000000000000e+02
1.650000000000000000e+02
1.637500000000000000e+02
1.637500000000000000e+02
1.632500000000000000e+02
1.645000000000000000e+02
1.640000000000000000e+02
1.640000000000000000e+02
1.632500000000000000e+02
1.632500000000000000e+02
1.632500000000000000e+02
1.582500000000000000e+02
1.615000000000000000e+02
1.615000000000000000e+02
1.612500000000000000e+02
1.610000000000000000e+02
1.610000000000000000e+02
1.610000000000000000e+02
1.620000000000000000e+02
1.620000000000000000e+02
1.635000000000000000e+02
1.655000000000000000e+02
1.655000000000000000e+02
1.655000000000000000e+02
1.645000000000000000e+02
1.645000000000000000e+02
1.667500000000000000e+02
1.630000000000000000e+02
1.630000000000000000e+02
1.627500000000000000e+02
1.645000000000000000e+02
1.655000000000000000e+02
1.655000000000000000e+02
1.695000000000000000e+02
1.690000000000000000e+02
1.690000000000000000e+02
1.662500000000000000e+02
1.600000000000000000e+02
1.600000000000000000e+02
1.622500000000000000e+02
1.622500000000000000e+02
1.622500000000000000e+02
1.662500000000000000e+02
1.650000000000000000e+02
1.650000000000000000e+02
1.615000000000000000e+02
1.632500000000000000e+02
1.632500000000000000e+02
1.622500000000000000e+02
1.665000000000000000e+02
1.637500000000000000e+02
1.637500000000000000e+02
1.617500000000000000e+02
1.617500000000000000e+02
1.617500000000000000e+02
1.615000000000000000e+02
1.590000000000000000e+02
1.590000000000000000e+02
1.572500000000000000e+02
1.602500000000000000e+02
1.602500000000000000e+02
1.605000000000000000e+02
1.600000000000000000e+02
1.600000000000000000e+02
1.572500000000000000e+02
1.572500000000000000e+02
1.590000000000000000e+02
1.595000000000000000e+02
1.610000000000000000e+02
1.610000000000000000e+02
1.617500000000000000e+02
1.645000000000000000e+02
1.645000000000000000e+02
1.627500000000000000e+02
1.627500000000000000e+02
1.627500000000000000e+02
1.622500000000000000e+02
1.625000000000000000e+02
1.625000000000000000e+02
1.652500000000000000e+02
1.657500000000000000e+02
1.657500000000000000e+02
1.635000000000000000e+02
1.662500000000000000e+02
1.662500000000000000e+02
1.667500000000000000e+02
1.660000000000000000e+02
1.660000000000000000e+02
1.640000000000000000e+02
1.650000000000000000e+02
1.625000000000000000e+02
1.625000000000000000e+02
1.642500000000000000e+02
1.610000000000000000e+02
1.610000000000000000e+02
1.660000000000000000e+02
1.640000000000000000e+02
1.640000000000000000e+02
1.640000000000000000e+02
1.640000000000000000e+02
1.640000000000000000e+02
1.640000000000000000e+02
1.602500000000000000e+02
1.602500000000000000e+02
1.595000000000000000e+02
1.587500000000000000e+02
1.587500000000000000e+02
1.590000000000000000e+02
1.585000000000000000e+02
1.585000000000000000e+02
1.595000000000000000e+02
1.582500000000000000e+02
1.582500000000000000e+02
1.607500000000000000e+02
1.615000000000000000e+02
1.615000000000000000e+02
1.617500000000000000e+02
1.630000000000000000e+02
1.630000000000000000e+02
1.627500000000000000e+02
1.635000000000000000e+02
1.635000000000000000e+02
1.637500000000000000e+02
1.645000000000000000e+02
1.645000000000000000e+02
1.647500000000000000e+02
1.640000000000000000e+02
1.605000000000000000e+02
1.605000000000000000e+02
1.597500000000000000e+02
1.582500000000000000e+02
1.582500000000000000e+02
1.537500000000000000e+02
1.552500000000000000e+02
1.552500000000000000e+02
1.545000000000000000e+02
1.545000000000000000e+02
1.557500000000000000e+02
1.577500000000000000e+02
1.600000000000000000e+02
1.600000000000000000e+02
1.620000000000000000e+02
1.620000000000000000e+02
1.617500000000000000e+02
1.642500000000000000e+02
1.637500000000000000e+02
1.637500000000000000e+02
1.627500000000000000e+02
1.627500000000000000e+02
1.595000000000000000e+02
1.625000000000000000e+02
1.625000000000000000e+02
1.507500000000000000e+02
1.480000000000000000e+02
1.480000000000000000e+02
1.440000000000000000e+02
1.440000000000000000e+02
1.477500000000000000e+02
1.495000000000000000e+02
1.495000000000000000e+02
1.487500000000000000e+02
1.500000000000000000e+02
1.500000000000000000e+02
1.510000000000000000e+02
1.517500000000000000e+02
1.517500000000000000e+02
1.527500000000000000e+02
1.597500000000000000e+02
1.597500000000000000e+02
1.667500000000000000e+02
1.675000000000000000e+02
1.675000000000000000e+02
1.645000000000000000e+02
1.652500000000000000e+02
1.652500000000000000e+02
1.672500000000000000e+02
1.645000000000000000e+02
1.645000000000000000e+02
1.592500000000000000e+02
1.597500000000000000e+02
1.597500000000000000e+02
1.577500000000000000e+02
1.550000000000000000e+02
1.550000000000000000e+02
1.550000000000000000e+02
1.557500000000000000e+02
1.557500000000000000e+02
1.562500000000000000e+02
1.562500000000000000e+02
1.562500000000000000e+02
1.532500000000000000e+02
1.532500000000000000e+02
1.520000000000000000e+02
1.490000000000000000e+02
1.490000000000000000e+02
1.477500000000000000e+02
1.450000000000000000e+02
1.450000000000000000e+02
1.470000000000000000e+02
1.470000000000000000e+02
1.417500000000000000e+02
1.397500000000000000e+02
1.397500000000000000e+02
1.335000000000000000e+02
1.335000000000000000e+02
1.335000000000000000e+02
1.072500000000000000e+02
1.072500000000000000e+02
1.152500000000000000e+02
1.152500000000000000e+02
1.337500000000000000e+02
1.362500000000000000e+02
1.362500000000000000e+02
1.420000000000000000e+02
1.420000000000000000e+02
1.440000000000000000e+02
1.447500000000000000e+02
1.447500000000000000e+02
1.537500000000000000e+02
1.595000000000000000e+02
1.595000000000000000e+02
1.610000000000000000e+02
1.625000000000000000e+02
1.625000000000000000e+02
1.622500000000000000e+02
1.637500000000000000e+02
1.637500000000000000e+02
1.625000000000000000e+02
1.615000000000000000e+02
1.615000000000000000e+02
1.590000000000000000e+02
1.590000000000000000e+02
1.590000000000000000e+02
1.575000000000000000e+02
1.577500000000000000e+02
1.577500000000000000e+02
1.565000000000000000e+02
1.547500000000000000e+02
1.547500000000000000e+02
1.540000000000000000e+02
1.495000000000000000e+02
1.495000000000000000e+02
1.435000000000000000e+02
1.435000000000000000e+02
1.392500000000000000e+02
1.392500000000000000e+02
1.387500000000000000e+02
1.402500000000000000e+02
1.402500000000000000e+02
1.415000000000000000e+02
1.415000000000000000e+02
1.420000000000000000e+02
1.432500000000000000e+02
1.432500000000000000e+02
1.397500000000000000e+02
1.397500000000000000e+02
1.390000000000000000e+02
1.390000000000000000e+02
1.425000000000000000e+02
1.400000000000000000e+02
1.400000000000000000e+02
1.392500000000000000e+02
1.392500000000000000e+02
1.382500000000000000e+02
1.430000000000000000e+02
1.430000000000000000e+02
1.472500000000000000e+02
1.575000000000000000e+02
1.575000000000000000e+02
1.575000000000000000e+02
1.575000000000000000e+02
1.575000000000000000e+02
1.575000000000000000e+02
1.575000000000000000e+02
1.575000000000000000e+02
1.575000000000000000e+02
1.575000000000000000e+02
1.575000000000000000e+02
1.610000000000000000e+02
1.610000000000000000e+02
1.612500000000000000e+02
1.610000000000000000e+02
1.610000000000000000e+02
1.607500000000000000e+02
1.607500000000000000e+02
1.607500000000000000e+02
1.607500000000000000e+02
1.607500000000000000e+02
1.607500000000000000e+02
1.607500000000000000e+02
1.385000000000000000e+02
1.385000000000000000e+02
1.337500000000000000e+02
1.337500000000000000e+02
1.405000000000000000e+02
1.405000000000000000e+02
1.417500000000000000e+02
1.437500000000000000e+02
1.437500000000000000e+02
1.417500000000000000e+02
1.417500000000000000e+02
1.452500000000000000e+02
1.427500000000000000e+02
1.427500000000000000e+02
1.460000000000000000e+02
1.460000000000000000e+02
1.517500000000000000e+02
1.552500000000000000e+02
1.552500000000000000e+02
1.577500000000000000e+02
1.597500000000000000e+02
1.597500000000000000e+02
1.600000000000000000e+02
1.627500000000000000e+02
1.627500000000000000e+02
1.660000000000000000e+02
1.647500000000000000e+02
1.647500000000000000e+02
1.647500000000000000e+02
1.655000000000000000e+02
1.637500000000000000e+02
1.637500000000000000e+02
1.640000000000000000e+02
1.647500000000000000e+02
1.647500000000000000e+02
1.650000000000000000e+02
1.655000000000000000e+02
1.655000000000000000e+02
1.655000000000000000e+02
1.665000000000000000e+02
1.665000000000000000e+02
1.630000000000000000e+02
1.622500000000000000e+02
1.622500000000000000e+02
1.607500000000000000e+02
1.590000000000000000e+02
1.590000000000000000e+02
1.570000000000000000e+02
1.552500000000000000e+02
1.552500000000000000e+02
1.542500000000000000e+02
1.545000000000000000e+02
1.545000000000000000e+02
1.575000000000000000e+02
1.565000000000000000e+02
1.565000000000000000e+02
1.587500000000000000e+02
1.587500000000000000e+02
1.587500000000000000e+02
1.617500000000000000e+02
1.607500000000000000e+02
1.607500000000000000e+02
1.622500000000000000e+02
1.627500000000000000e+02
1.627500000000000000e+02
1.637500000000000000e+02
1.637500000000000000e+02
1.637500000000000000e+02
1.637500000000000000e+02
1.637500000000000000e+02
1.637500000000000000e+02
1.637500000000000000e+02
1.637500000000000000e+02
1.637500000000000000e+02
1.637500000000000000e+02
1.635000000000000000e+02
1.635000000000000000e+02
1.617500000000000000e+02
1.640000000000000000e+02
1.640000000000000000e+02
1.667500000000000000e+02
1.660000000000000000e+02
1.660000000000000000e+02
1.650000000000000000e+02
1.627500000000000000e+02
1.652500000000000000e+02
1.652500000000000000e+02
1.645000000000000000e+02
1.650000000000000000e+02
1.650000000000000000e+02
1.660000000000000000e+02
1.687500000000000000e+02
1.687500000000000000e+02
1.725000000000000000e+02
1.690000000000000000e+02
1.695000000000000000e+02
1.695000000000000000e+02
1.707500000000000000e+02
1.672500000000000000e+02
1.672500000000000000e+02
1.650000000000000000e+02
1.637500000000000000e+02
1.637500000000000000e+02
1.605000000000000000e+02
1.647500000000000000e+02
1.640000000000000000e+02
1.640000000000000000e+02
1.647500000000000000e+02
1.647500000000000000e+02
1.645000000000000000e+02
1.672500000000000000e+02
1.637500000000000000e+02
1.637500000000000000e+02
1.615000000000000000e+02
1.600000000000000000e+02
1.600000000000000000e+02
1.635000000000000000e+02
1.635000000000000000e+02
1.642500000000000000e+02
1.675000000000000000e+02
1.675000000000000000e+02
1.675000000000000000e+02
1.672500000000000000e+02
1.672500000000000000e+02
1.672500000000000000e+02
1.677500000000000000e+02
1.665000000000000000e+02
1.662500000000000000e+02
1.662500000000000000e+02
1.677500000000000000e+02
1.650000000000000000e+02
1.650000000000000000e+02
1.675000000000000000e+02
1.682500000000000000e+02
1.697500000000000000e+02
1.697500000000000000e+02
1.695000000000000000e+02
1.685000000000000000e+02
1.685000000000000000e+02
1.657500000000000000e+02
1.677500000000000000e+02
1.677500000000000000e+02
1.690000000000000000e+02
1.697500000000000000e+02
1.697500000000000000e+02
1.660000000000000000e+02
1.662500000000000000e+02
1.647500000000000000e+02
1.647500000000000000e+02
1.665000000000000000e+02
1.662500000000000000e+02
1.662500000000000000e+02
1.662500000000000000e+02
1.700000000000000000e+02
1.700000000000000000e+02
1.657500000000000000e+02
1.665000000000000000e+02
1.665000000000000000e+02
1.665000000000000000e+02
1.665000000000000000e+02
1.665000000000000000e+02
1.665000000000000000e+02
1.695000000000000000e+02
1.700000000000000000e+02
1.700000000000000000e+02
1.710000000000000000e+02
1.710000000000000000e+02
1.722500000000000000e+02
1.722500000000000000e+02
1.737500000000000000e+02
1.687500000000000000e+02
1.702500000000000000e+02
1.702500000000000000e+02
1.737500000000000000e+02
1.742500000000000000e+02
1.742500000000000000e+02
1.745000000000000000e+02
1.740000000000000000e+02
1.725000000000000000e+02
1.725000000000000000e+02
1.742500000000000000e+02
1.675000000000000000e+02
1.675000000000000000e+02
1.695000000000000000e+02
1.705000000000000000e+02
1.702500000000000000e+02
1.702500000000000000e+02
1.702500000000000000e+02
1.712500000000000000e+02
1.712500000000000000e+02
1.685000000000000000e+02
1.705000000000000000e+02
1.715000000000000000e+02
1.715000000000000000e+02
1.715000000000000000e+02
1.695000000000000000e+02
1.695000000000000000e+02
1.717500000000000000e+02
1.722500000000000000e+02
1.722500000000000000e+02
1.722500000000000000e+02
1.722500000000000000e+02
1.695000000000000000e+02
1.695000000000000000e+02
1.705000000000000000e+02
1.715000000000000000e+02
1.715000000000000000e+02
1.705000000000000000e+02
1.710000000000000000e+02
1.700000000000000000e+02
1.700000000000000000e+02
1.722500000000000000e+02
1.707500000000000000e+02
1.707500000000000000e+02
1.695000000000000000e+02
1.685000000000000000e+02
1.675000000000000000e+02
1.675000000000000000e+02
1.700000000000000000e+02
1.677500000000000000e+02
1.677500000000000000e+02
1.637500000000000000e+02
1.690000000000000000e+02
1.690000000000000000e+02
1.702500000000000000e+02
1.700000000000000000e+02
1.692500000000000000e+02
1.692500000000000000e+02
1.667500000000000000e+02
1.657500000000000000e+02
1.657500000000000000e+02
1.672500000000000000e+02
1.697500000000000000e+02
1.707500000000000000e+02
1.707500000000000000e+02
1.682500000000000000e+02
1.680000000000000000e+02
1.680000000000000000e+02
1.672500000000000000e+02
1.700000000000000000e+02
1.700000000000000000e+02
1.700000000000000000e+02
1.705000000000000000e+02
1.705000000000000000e+02
1.700000000000000000e+02
1.690000000000000000e+02
1.672500000000000000e+02
1.672500000000000000e+02
1.692500000000000000e+02
1.700000000000000000e+02
1.700000000000000000e+02
1.690000000000000000e+02
1.702500000000000000e+02
1.690000000000000000e+02
1.690000000000000000e+02
1.712500000000000000e+02
1.675000000000000000e+02
1.675000000000000000e+02
1.702500000000000000e+02
1.720000000000000000e+02
1.705000000000000000e+02
1.705000000000000000e+02
1.722500000000000000e+02
1.712500000000000000e+02
1.712500000000000000e+02
1.720000000000000000e+02
1.720000000000000000e+02
1.732500000000000000e+02
1.732500000000000000e+02
1.692500000000000000e+02
1.707500000000000000e+02
1.707500000000000000e+02
1.725000000000000000e+02
1.715000000000000000e+02
1.715000000000000000e+02
1.727500000000000000e+02
1.702500000000000000e+02
1.725000000000000000e+02
1.725000000000000000e+02
1.692500000000000000e+02
1.695000000000000000e+02
1.725000000000000000e+02
1.725000000000000000e+02
1.710000000000000000e+02
1.702500000000000000e+02
1.702500000000000000e+02
1.675000000000000000e+02
1.655000000000000000e+02
1.655000000000000000e+02
1.672500000000000000e+02
1.670000000000000000e+02
1.670000000000000000e+02
1.670000000000000000e+02
1.677500000000000000e+02
1.702500000000000000e+02
1.702500000000000000e+02
1.695000000000000000e+02
1.707500000000000000e+02
1.707500000000000000e+02
1.705000000000000000e+02
1.700000000000000000e+02
1.707500000000000000e+02
1.707500000000000000e+02
1.712500000000000000e+02
1.705000000000000000e+02
1.705000000000000000e+02
1.702500000000000000e+02
1.707500000000000000e+02
1.707500000000000000e+02
1.705000000000000000e+02
1.712500000000000000e+02
1.712500000000000000e+02
1.712500000000000000e+02
1.707500000000000000e+02
1.685000000000000000e+02
1.685000000000000000e+02
1.690000000000000000e+02
1.692500000000000000e+02
1.680000000000000000e+02
1.680000000000000000e+02
1.687500000000000000e+02
1.685000000000000000e+02
1.685000000000000000e+02
1.675000000000000000e+02
1.640000000000000000e+02
1.680000000000000000e+02
1.680000000000000000e+02
1.667500000000000000e+02
1.687500000000000000e+02
1.687500000000000000e+02
1.667500000000000000e+02
1.662500000000000000e+02
1.662500000000000000e+02
1.692500000000000000e+02
1.670000000000000000e+02
1.670000000000000000e+02
1.712500000000000000e+02
1.692500000000000000e+02
1.657500000000000000e+02
1.657500000000000000e+02
1.682500000000000000e+02
1.670000000000000000e+02
1.670000000000000000e+02
1.690000000000000000e+02
1.700000000000000000e+02
1.702500000000000000e+02
1.702500000000000000e+02
1.695000000000000000e+02
1.687500000000000000e+02
1.687500000000000000e+02
1.695000000000000000e+02
1.665000000000000000e+02
1.665000000000000000e+02
1.677500000000000000e+02
1.675000000000000000e+02
1.667500000000000000e+02
1.667500000000000000e+02
1.657500000000000000e+02
1.652500000000000000e+02
1.652500000000000000e+02
1.652500000000000000e+02
1.642500000000000000e+02
1.642500000000000000e+02
1.622500000000000000e+02
1.625000000000000000e+02
1.625000000000000000e+02
1.622500000000000000e+02
1.615000000000000000e+02
1.615000000000000000e+02
1.610000000000000000e+02
1.602500000000000000e+02
1.602500000000000000e+02
1.592500000000000000e+02
1.592500000000000000e+02
1.592500000000000000e+02
1.595000000000000000e+02
1.595000000000000000e+02
1.595000000000000000e+02
1.590000000000000000e+02
1.590000000000000000e+02
1.590000000000000000e+02
1.585000000000000000e+02
1.580000000000000000e+02
1.580000000000000000e+02
1.605000000000000000e+02
1.545000000000000000e+02
1.545000000000000000e+02
1.555000000000000000e+02
1.570000000000000000e+02
1.570000000000000000e+02
1.547500000000000000e+02
1.562500000000000000e+02
1.562500000000000000e+02
1.565000000000000000e+02
1.577500000000000000e+02
1.577500000000000000e+02
1.587500000000000000e+02
1.587500000000000000e+02
1.595000000000000000e+02
1.622500000000000000e+02
1.622500000000000000e+02
1.605000000000000000e+02
1.600000000000000000e+02
1.600000000000000000e+02
1.585000000000000000e+02
1.585000000000000000e+02
1.585000000000000000e+02
1.600000000000000000e+02
1.597500000000000000e+02
1.595000000000000000e+02
1.595000000000000000e+02
1.602500000000000000e+02
1.607500000000000000e+02
1.607500000000000000e+02
1.585000000000000000e+02
1.585000000000000000e+02
1.595000000000000000e+02
1.557500000000000000e+02
1.557500000000000000e+02
1.550000000000000000e+02
1.570000000000000000e+02
1.570000000000000000e+02
1.567500000000000000e+02
1.562500000000000000e+02
1.562500000000000000e+02
1.565000000000000000e+02
1.557500000000000000e+02
1.557500000000000000e+02
1.562500000000000000e+02
1.550000000000000000e+02
1.550000000000000000e+02
1.545000000000000000e+02
1.545000000000000000e+02
1.545000000000000000e+02
1.535000000000000000e+02
1.535000000000000000e+02
1.537500000000000000e+02
1.522500000000000000e+02
1.522500000000000000e+02
1.530000000000000000e+02
1.500000000000000000e+02
1.500000000000000000e+02
1.480000000000000000e+02
1.480000000000000000e+02
1.467500000000000000e+02
1.457500000000000000e+02
1.457500000000000000e+02
1.475000000000000000e+02
1.475000000000000000e+02
1.447500000000000000e+02
1.460000000000000000e+02
1.460000000000000000e+02
1.470000000000000000e+02
1.470000000000000000e+02
1.470000000000000000e+02
1.477500000000000000e+02
1.477500000000000000e+02
1.515000000000000000e+02
1.547500000000000000e+02
1.547500000000000000e+02
1.560000000000000000e+02
1.580000000000000000e+02
1.580000000000000000e+02
1.570000000000000000e+02
1.570000000000000000e+02
1.492500000000000000e+02
1.460000000000000000e+02
1.460000000000000000e+02
1.437500000000000000e+02
1.440000000000000000e+02
1.440000000000000000e+02
1.460000000000000000e+02
1.460000000000000000e+02
1.450000000000000000e+02
1.465000000000000000e+02
1.465000000000000000e+02
1.482500000000000000e+02
1.495000000000000000e+02
1.495000000000000000e+02
1.465000000000000000e+02
1.465000000000000000e+02
1.485000000000000000e+02
1.510000000000000000e+02
1.510000000000000000e+02
1.455000000000000000e+02
1.455000000000000000e+02
1.457500000000000000e+02
1.467500000000000000e+02
1.467500000000000000e+02
1.447500000000000000e+02
1.447500000000000000e+02
1.415000000000000000e+02
1.380000000000000000e+02
1.380000000000000000e+02
1.415000000000000000e+02
1.415000000000000000e+02
1.430000000000000000e+02
1.430000000000000000e+02
1.437500000000000000e+02
1.437500000000000000e+02
1.437500000000000000e+02
1.457500000000000000e+02
1.475000000000000000e+02
1.475000000000000000e+02
1.515000000000000000e+02
1.545000000000000000e+02
1.545000000000000000e+02
1.557500000000000000e+02
1.557500000000000000e+02
1.562500000000000000e+02
1.562500000000000000e+02
1.562500000000000000e+02
1.557500000000000000e+02
1.560000000000000000e+02
1.560000000000000000e+02
1.557500000000000000e+02
1.560000000000000000e+02
1.560000000000000000e+02
1.567500000000000000e+02
1.565000000000000000e+02
1.565000000000000000e+02
1.550000000000000000e+02
1.582500000000000000e+02
1.582500000000000000e+02
1.580000000000000000e+02
1.560000000000000000e+02
1.560000000000000000e+02
1.502500000000000000e+02
1.502500000000000000e+02
1.502500000000000000e+02
1.472500000000000000e+02
1.472500000000000000e+02
1.487500000000000000e+02
1.487500000000000000e+02
1.450000000000000000e+02
1.467500000000000000e+02
1.467500000000000000e+02
1.505000000000000000e+02
1.490000000000000000e+02
1.490000000000000000e+02
1.505000000000000000e+02
1.505000000000000000e+02
1.502500000000000000e+02
1.507500000000000000e+02
1.507500000000000000e+02
1.537500000000000000e+02
1.547500000000000000e+02
1.547500000000000000e+02
1.545000000000000000e+02
1.570000000000000000e+02
1.570000000000000000e+02
1.552500000000000000e+02
1.562500000000000000e+02
1.562500000000000000e+02
1.557500000000000000e+02
1.557500000000000000e+02
1.565000000000000000e+02
1.585000000000000000e+02
1.577500000000000000e+02
1.577500000000000000e+02
1.582500000000000000e+02
1.582500000000000000e+02
1.575000000000000000e+02
1.550000000000000000e+02
1.550000000000000000e+02
1.570000000000000000e+02
1.537500000000000000e+02
1.537500000000000000e+02
1.537500000000000000e+02
1.535000000000000000e+02
1.535000000000000000e+02
1.540000000000000000e+02
1.540000000000000000e+02
1.540000000000000000e+02
1.542500000000000000e+02
1.542500000000000000e+02
1.550000000000000000e+02
1.545000000000000000e+02
1.545000000000000000e+02
1.550000000000000000e+02
1.570000000000000000e+02
1.570000000000000000e+02
1.562500000000000000e+02
1.582500000000000000e+02
1.582500000000000000e+02
1.577500000000000000e+02
1.550000000000000000e+02
1.550000000000000000e+02
1.537500000000000000e+02
1.537500000000000000e+02
1.485000000000000000e+02
1.477500000000000000e+02
1.477500000000000000e+02
1.457500000000000000e+02
1.457500000000000000e+02
1.470000000000000000e+02
1.497500000000000000e+02
1.497500000000000000e+02
1.537500000000000000e+02
1.565000000000000000e+02
1.565000000000000000e+02
1.605000000000000000e+02
1.597500000000000000e+02
1.597500000000000000e+02
1.610000000000000000e+02
1.620000000000000000e+02
1.640000000000000000e+02
1.640000000000000000e+02
1.630000000000000000e+02
1.627500000000000000e+02
1.627500000000000000e+02
1.632500000000000000e+02
1.647500000000000000e+02
1.647500000000000000e+02
1.630000000000000000e+02
1.645000000000000000e+02
1.645000000000000000e+02
1.615000000000000000e+02
1.632500000000000000e+02
1.632500000000000000e+02
1.635000000000000000e+02
1.635000000000000000e+02
1.635000000000000000e+02
1.625000000000000000e+02
1.625000000000000000e+02
1.625000000000000000e+02
1.632500000000000000e+02
1.617500000000000000e+02
1.617500000000000000e+02
1.630000000000000000e+02
1.617500000000000000e+02
1.617500000000000000e+02
1.627500000000000000e+02
1.622500000000000000e+02
1.622500000000000000e+02
1.625000000000000000e+02
1.600000000000000000e+02
1.600000000000000000e+02
1.627500000000000000e+02
1.600000000000000000e+02
1.600000000000000000e+02
1.617500000000000000e+02
1.617500000000000000e+02
1.590000000000000000e+02
1.590000000000000000e+02
1.602500000000000000e+02
1.602500000000000000e+02
1.580000000000000000e+02
1.610000000000000000e+02
1.617500000000000000e+02
1.617500000000000000e+02
1.632500000000000000e+02
1.635000000000000000e+02
1.635000000000000000e+02
1.675000000000000000e+02
1.642500000000000000e+02
1.642500000000000000e+02
1.622500000000000000e+02
1.612500000000000000e+02
1.612500000000000000e+02
1.620000000000000000e+02
1.645000000000000000e+02
1.645000000000000000e+02
1.642500000000000000e+02
1.662500000000000000e+02
1.662500000000000000e+02
1.640000000000000000e+02
1.612500000000000000e+02
1.612500000000000000e+02
1.620000000000000000e+02
1.612500000000000000e+02
1.612500000000000000e+02
1.617500000000000000e+02
1.597500000000000000e+02
1.605000000000000000e+02
1.605000000000000000e+02
1.607500000000000000e+02
1.607500000000000000e+02
1.620000000000000000e+02
1.617500000000000000e+02
1.622500000000000000e+02
1.622500000000000000e+02
1.660000000000000000e+02
1.657500000000000000e+02
1.657500000000000000e+02
1.662500000000000000e+02
1.615000000000000000e+02
1.615000000000000000e+02
1.610000000000000000e+02
1.607500000000000000e+02
1.607500000000000000e+02
1.585000000000000000e+02
1.597500000000000000e+02
1.597500000000000000e+02
1.625000000000000000e+02
1.645000000000000000e+02
1.645000000000000000e+02
1.665000000000000000e+02
1.672500000000000000e+02
1.672500000000000000e+02
1.675000000000000000e+02
1.685000000000000000e+02
1.682500000000000000e+02
1.682500000000000000e+02
1.685000000000000000e+02
1.690000000000000000e+02
1.690000000000000000e+02
1.680000000000000000e+02
1.697500000000000000e+02
1.697500000000000000e+02
1.692500000000000000e+02
1.700000000000000000e+02
1.685000000000000000e+02
1.685000000000000000e+02
1.690000000000000000e+02
1.702500000000000000e+02
1.702500000000000000e+02
1.690000000000000000e+02
1.710000000000000000e+02
1.710000000000000000e+02
1.697500000000000000e+02
1.707500000000000000e+02
1.675000000000000000e+02
1.675000000000000000e+02
1.670000000000000000e+02
1.692500000000000000e+02
1.687500000000000000e+02
1.687500000000000000e+02
1.707500000000000000e+02
1.695000000000000000e+02
1.695000000000000000e+02
1.700000000000000000e+02
1.717500000000000000e+02
1.717500000000000000e+02
1.697500000000000000e+02
1.715000000000000000e+02
1.712500000000000000e+02
1.712500000000000000e+02
1.702500000000000000e+02
1.707500000000000000e+02
1.707500000000000000e+02
1.682500000000000000e+02
1.702500000000000000e+02
1.700000000000000000e+02
1.700000000000000000e+02
1.712500000000000000e+02
1.702500000000000000e+02
1.702500000000000000e+02
1.700000000000000000e+02
1.680000000000000000e+02
1.695000000000000000e+02
1.695000000000000000e+02
1.710000000000000000e+02
1.705000000000000000e+02
1.705000000000000000e+02
1.700000000000000000e+02
1.677500000000000000e+02
1.677500000000000000e+02
1.702500000000000000e+02
1.680000000000000000e+02
1.707500000000000000e+02
1.707500000000000000e+02
1.702500000000000000e+02
1.700000000000000000e+02
1.700000000000000000e+02
1.700000000000000000e+02
1.707500000000000000e+02
1.707500000000000000e+02
1.695000000000000000e+02
1.685000000000000000e+02
1.710000000000000000e+02
1.710000000000000000e+02
1.705000000000000000e+02
1.702500000000000000e+02
1.695000000000000000e+02
1.695000000000000000e+02
1.670000000000000000e+02
1.685000000000000000e+02
1.685000000000000000e+02
1.685000000000000000e+02
1.685000000000000000e+02
1.685000000000000000e+02
1.662500000000000000e+02
1.662500000000000000e+02
1.662500000000000000e+02
1.657500000000000000e+02
1.660000000000000000e+02
1.675000000000000000e+02
1.675000000000000000e+02
1.680000000000000000e+02
1.672500000000000000e+02
1.672500000000000000e+02
1.680000000000000000e+02
1.637500000000000000e+02
1.637500000000000000e+02
1.660000000000000000e+02
1.665000000000000000e+02
1.672500000000000000e+02
1.672500000000000000e+02
1.660000000000000000e+02
1.660000000000000000e+02
1.660000000000000000e+02
1.682500000000000000e+02
1.680000000000000000e+02
1.680000000000000000e+02
1.687500000000000000e+02
1.682500000000000000e+02
1.687500000000000000e+02
1.687500000000000000e+02
1.662500000000000000e+02
1.660000000000000000e+02
1.660000000000000000e+02
1.675000000000000000e+02
1.670000000000000000e+02
1.670000000000000000e+02
1.685000000000000000e+02
1.675000000000000000e+02
1.675000000000000000e+02
1.675000000000000000e+02
1.667500000000000000e+02
1.667500000000000000e+02
1.667500000000000000e+02
1.680000000000000000e+02
1.670000000000000000e+02
1.670000000000000000e+02
1.657500000000000000e+02
1.645000000000000000e+02
1.645000000000000000e+02
1.625000000000000000e+02
1.625000000000000000e+02
1.625000000000000000e+02
1.630000000000000000e+02
1.640000000000000000e+02
1.640000000000000000e+02
1.637500000000000000e+02
1.655000000000000000e+02
1.655000000000000000e+02
1.647500000000000000e+02
1.670000000000000000e+02
1.670000000000000000e+02
1.670000000000000000e+02
1.672500000000000000e+02
1.675000000000000000e+02
1.675000000000000000e+02
1.650000000000000000e+02
1.660000000000000000e+02
1.660000000000000000e+02
1.647500000000000000e+02
1.662500000000000000e+02
1.662500000000000000e+02
1.655000000000000000e+02
1.665000000000000000e+02
1.670000000000000000e+02
1.670000000000000000e+02
1.655000000000000000e+02
1.655000000000000000e+02
1.655000000000000000e+02
1.642500000000000000e+02
1.642500000000000000e+02
1.642500000000000000e+02
1.662500000000000000e+02
1.660000000000000000e+02
1.657500000000000000e+02
1.657500000000000000e+02
1.657500000000000000e+02
1.645000000000000000e+02
1.645000000000000000e+02
1.640000000000000000e+02
1.622500000000000000e+02
1.622500000000000000e+02
1.652500000000000000e+02
1.637500000000000000e+02
1.637500000000000000e+02
1.630000000000000000e+02
1.640000000000000000e+02
1.640000000000000000e+02
1.655000000000000000e+02
1.645000000000000000e+02
1.645000000000000000e+02
1.647500000000000000e+02
1.620000000000000000e+02
1.620000000000000000e+02
1.632500000000000000e+02
1.622500000000000000e+02
1.622500000000000000e+02
1.615000000000000000e+02
1.625000000000000000e+02
1.632500000000000000e+02
1.632500000000000000e+02
1.660000000000000000e+02
1.620000000000000000e+02
1.620000000000000000e+02
1.645000000000000000e+02
1.630000000000000000e+02
1.630000000000000000e+02
1.627500000000000000e+02
1.635000000000000000e+02
1.635000000000000000e+02
1.635000000000000000e+02
1.605000000000000000e+02
1.605000000000000000e+02
1.595000000000000000e+02
1.595000000000000000e+02
1.595000000000000000e+02
1.600000000000000000e+02
1.580000000000000000e+02
1.580000000000000000e+02
1.617500000000000000e+02
1.582500000000000000e+02
1.582500000000000000e+02
1.577500000000000000e+02
1.590000000000000000e+02
1.590000000000000000e+02
1.570000000000000000e+02
1.577500000000000000e+02
1.577500000000000000e+02
1.585000000000000000e+02
1.607500000000000000e+02
1.607500000000000000e+02
1.610000000000000000e+02
1.592500000000000000e+02
1.592500000000000000e+02
1.590000000000000000e+02
1.595000000000000000e+02
1.595000000000000000e+02
1.587500000000000000e+02
1.585000000000000000e+02
1.585000000000000000e+02
1.587500000000000000e+02
1.590000000000000000e+02
1.590000000000000000e+02
1.590000000000000000e+02
1.565000000000000000e+02
1.565000000000000000e+02
1.567500000000000000e+02
1.567500000000000000e+02
1.547500000000000000e+02
1.525000000000000000e+02
1.525000000000000000e+02
1.510000000000000000e+02
1.497500000000000000e+02
1.497500000000000000e+02
1.487500000000000000e+02
1.487500000000000000e+02
1.492500000000000000e+02
1.485000000000000000e+02
1.485000000000000000e+02
1.492500000000000000e+02
1.495000000000000000e+02
1.495000000000000000e+02
1.507500000000000000e+02
1.492500000000000000e+02
1.492500000000000000e+02
1.480000000000000000e+02
1.480000000000000000e+02
1.500000000000000000e+02
1.520000000000000000e+02
1.520000000000000000e+02
1.537500000000000000e+02
1.535000000000000000e+02
1.535000000000000000e+02
1.527500000000000000e+02
1.527500000000000000e+02
1.527500000000000000e+02
1.530000000000000000e+02
1.530000000000000000e+02
1.537500000000000000e+02
1.552500000000000000e+02
1.552500000000000000e+02
1.567500000000000000e+02
1.540000000000000000e+02
1.540000000000000000e+02
1.565000000000000000e+02
1.530000000000000000e+02
1.530000000000000000e+02
1.545000000000000000e+02
1.545000000000000000e+02
1.500000000000000000e+02
1.437500000000000000e+02
1.437500000000000000e+02
1.237500000000000000e+02
1.237500000000000000e+02
1.350000000000000000e+02
1.350000000000000000e+02
1.347500000000000000e+02
1.355000000000000000e+02
1.355000000000000000e+02
1.370000000000000000e+02
1.370000000000000000e+02
1.392500000000000000e+02
1.392500000000000000e+02
1.407500000000000000e+02
1.512500000000000000e+02
1.512500000000000000e+02
1.545000000000000000e+02
1.560000000000000000e+02
1.560000000000000000e+02
1.540000000000000000e+02
1.540000000000000000e+02
1.545000000000000000e+02
1.547500000000000000e+02
1.547500000000000000e+02
1.562500000000000000e+02
1.550000000000000000e+02
1.550000000000000000e+02
1.532500000000000000e+02
1.527500000000000000e+02
1.527500000000000000e+02
1.530000000000000000e+02
1.535000000000000000e+02
1.535000000000000000e+02
1.532500000000000000e+02
1.532500000000000000e+02
1.517500000000000000e+02
1.510000000000000000e+02
1.510000000000000000e+02
1.515000000000000000e+02
1.512500000000000000e+02
1.512500000000000000e+02
1.522500000000000000e+02
1.517500000000000000e+02
1.517500000000000000e+02
1.502500000000000000e+02
1.502500000000000000e+02
1.492500000000000000e+02
1.482500000000000000e+02
1.482500000000000000e+02
1.445000000000000000e+02
1.445000000000000000e+02
1.367500000000000000e+02
1.367500000000000000e+02
1.335000000000000000e+02
1.270000000000000000e+02
1.270000000000000000e+02
1.270000000000000000e+02
1.220000000000000000e+02
1.235000000000000000e+02
1.235000000000000000e+02
1.267500000000000000e+02
1.267500000000000000e+02
1.282500000000000000e+02
1.282500000000000000e+02
1.310000000000000000e+02
1.310000000000000000e+02
1.452500000000000000e+02
1.530000000000000000e+02
1.530000000000000000e+02
1.550000000000000000e+02
1.555000000000000000e+02
1.555000000000000000e+02
1.500000000000000000e+02
1.490000000000000000e+02
1.490000000000000000e+02
1.495000000000000000e+02
1.495000000000000000e+02
1.470000000000000000e+02
1.497500000000000000e+02
1.497500000000000000e+02
1.490000000000000000e+02
1.525000000000000000e+02
1.525000000000000000e+02
1.557500000000000000e+02
1.557500000000000000e+02
1.580000000000000000e+02
1.587500000000000000e+02
1.585000000000000000e+02
1.585000000000000000e+02
1.595000000000000000e+02
1.595000000000000000e+02
1.597500000000000000e+02
1.612500000000000000e+02
1.612500000000000000e+02
1.612500000000000000e+02
1.597500000000000000e+02
1.597500000000000000e+02
1.585000000000000000e+02
1.560000000000000000e+02
1.560000000000000000e+02
1.547500000000000000e+02
1.520000000000000000e+02
1.520000000000000000e+02
1.500000000000000000e+02
1.500000000000000000e+02
1.467500000000000000e+02
1.492500000000000000e+02
1.492500000000000000e+02
1.490000000000000000e+02
1.532500000000000000e+02
1.532500000000000000e+02
1.535000000000000000e+02
1.577500000000000000e+02
1.577500000000000000e+02
1.590000000000000000e+02
1.602500000000000000e+02
1.602500000000000000e+02
1.620000000000000000e+02
1.637500000000000000e+02
1.637500000000000000e+02
1.647500000000000000e+02
1.635000000000000000e+02
1.635000000000000000e+02
1.667500000000000000e+02
1.630000000000000000e+02
1.630000000000000000e+02
1.660000000000000000e+02
1.662500000000000000e+02
1.652500000000000000e+02
1.652500000000000000e+02
1.682500000000000000e+02
1.687500000000000000e+02
1.687500000000000000e+02
1.687500000000000000e+02
1.687500000000000000e+02
1.687500000000000000e+02
1.697500000000000000e+02
1.675000000000000000e+02
1.657500000000000000e+02
1.657500000000000000e+02
1.690000000000000000e+02
1.652500000000000000e+02
1.652500000000000000e+02
1.665000000000000000e+02
1.667500000000000000e+02
1.667500000000000000e+02
1.665000000000000000e+02
1.667500000000000000e+02
1.667500000000000000e+02
1.665000000000000000e+02
1.650000000000000000e+02
1.667500000000000000e+02
1.667500000000000000e+02
1.665000000000000000e+02
1.660000000000000000e+02
1.660000000000000000e+02
1.660000000000000000e+02
1.662500000000000000e+02
1.662500000000000000e+02
1.675000000000000000e+02
1.667500000000000000e+02
1.670000000000000000e+02
1.670000000000000000e+02
1.640000000000000000e+02
1.642500000000000000e+02
1.642500000000000000e+02
1.637500000000000000e+02
1.655000000000000000e+02
1.655000000000000000e+02
1.635000000000000000e+02
1.637500000000000000e+02
1.637500000000000000e+02
1.642500000000000000e+02
1.632500000000000000e+02
1.632500000000000000e+02
1.640000000000000000e+02
1.627500000000000000e+02
1.627500000000000000e+02
1.635000000000000000e+02
1.647500000000000000e+02
1.647500000000000000e+02
1.650000000000000000e+02
1.667500000000000000e+02
1.652500000000000000e+02
1.652500000000000000e+02
1.667500000000000000e+02
1.677500000000000000e+02
1.677500000000000000e+02
1.685000000000000000e+02
1.682500000000000000e+02
1.682500000000000000e+02
1.680000000000000000e+02
1.690000000000000000e+02
1.690000000000000000e+02
1.690000000000000000e+02
1.672500000000000000e+02
1.667500000000000000e+02
1.667500000000000000e+02
1.665000000000000000e+02
1.682500000000000000e+02
1.682500000000000000e+02
1.652500000000000000e+02
1.667500000000000000e+02
1.660000000000000000e+02
1.660000000000000000e+02
1.667500000000000000e+02
1.670000000000000000e+02
1.670000000000000000e+02
1.682500000000000000e+02
1.687500000000000000e+02
1.687500000000000000e+02
1.685000000000000000e+02
1.682500000000000000e+02
1.670000000000000000e+02
1.670000000000000000e+02
1.662500000000000000e+02
1.667500000000000000e+02
1.667500000000000000e+02
1.652500000000000000e+02
1.650000000000000000e+02
1.650000000000000000e+02
1.650000000000000000e+02
1.660000000000000000e+02
1.660000000000000000e+02
1.655000000000000000e+02
1.677500000000000000e+02
1.677500000000000000e+02
1.670000000000000000e+02
1.685000000000000000e+02
1.687500000000000000e+02
1.687500000000000000e+02
1.670000000000000000e+02
1.677500000000000000e+02
1.677500000000000000e+02
1.670000000000000000e+02
1.685000000000000000e+02
1.692500000000000000e+02
1.692500000000000000e+02
1.707500000000000000e+02
1.710000000000000000e+02
1.710000000000000000e+02
1.707500000000000000e+02
1.712500000000000000e+02
1.712500000000000000e+02
1.715000000000000000e+02
1.730000000000000000e+02
1.715000000000000000e+02
1.715000000000000000e+02
1.730000000000000000e+02
1.712500000000000000e+02
1.712500000000000000e+02
1.700000000000000000e+02
1.715000000000000000e+02
1.725000000000000000e+02
1.725000000000000000e+02
1.715000000000000000e+02
1.710000000000000000e+02
1.717500000000000000e+02
1.717500000000000000e+02
1.705000000000000000e+02
1.712500000000000000e+02
1.712500000000000000e+02
1.697500000000000000e+02
1.705000000000000000e+02
1.705000000000000000e+02
1.720000000000000000e+02
1.715000000000000000e+02
1.717500000000000000e+02
1.717500000000000000e+02
1.700000000000000000e+02
1.682500000000000000e+02
1.682500000000000000e+02
1.690000000000000000e+02
1.687500000000000000e+02
1.687500000000000000e+02
1.687500000000000000e+02
1.700000000000000000e+02
1.702500000000000000e+02
1.702500000000000000e+02
1.677500000000000000e+02
1.695000000000000000e+02
1.695000000000000000e+02
1.702500000000000000e+02
1.702500000000000000e+02
1.710000000000000000e+02
1.710000000000000000e+02
1.667500000000000000e+02
1.677500000000000000e+02
1.677500000000000000e+02
1.667500000000000000e+02
1.680000000000000000e+02
1.680000000000000000e+02
1.695000000000000000e+02
1.687500000000000000e+02
1.680000000000000000e+02
1.680000000000000000e+02
1.687500000000000000e+02
1.695000000000000000e+02
1.695000000000000000e+02
1.720000000000000000e+02
1.665000000000000000e+02
1.702500000000000000e+02
1.702500000000000000e+02
1.705000000000000000e+02
1.697500000000000000e+02
1.697500000000000000e+02
1.702500000000000000e+02
1.705000000000000000e+02
1.695000000000000000e+02
1.695000000000000000e+02
1.667500000000000000e+02
1.682500000000000000e+02
1.682500000000000000e+02
1.690000000000000000e+02
1.675000000000000000e+02
1.675000000000000000e+02
1.655000000000000000e+02
1.682500000000000000e+02
1.682500000000000000e+02
1.677500000000000000e+02
1.680000000000000000e+02
1.682500000000000000e+02
1.682500000000000000e+02
1.680000000000000000e+02
1.677500000000000000e+02
1.677500000000000000e+02
1.672500000000000000e+02
1.700000000000000000e+02
1.700000000000000000e+02
1.695000000000000000e+02
1.675000000000000000e+02
1.680000000000000000e+02
1.680000000000000000e+02
1.687500000000000000e+02
1.692500000000000000e+02
1.692500000000000000e+02
1.700000000000000000e+02
1.697500000000000000e+02
1.680000000000000000e+02
1.680000000000000000e+02
1.692500000000000000e+02
1.700000000000000000e+02
1.700000000000000000e+02
1.675000000000000000e+02
1.692500000000000000e+02
1.692500000000000000e+02
1.692500000000000000e+02
1.682500000000000000e+02
1.702500000000000000e+02
1.702500000000000000e+02
1.697500000000000000e+02
1.700000000000000000e+02
1.700000000000000000e+02
1.695000000000000000e+02
1.705000000000000000e+02
1.720000000000000000e+02
1.720000000000000000e+02
1.717500000000000000e+02
1.705000000000000000e+02
1.705000000000000000e+02
1.710000000000000000e+02
1.707500000000000000e+02
1.705000000000000000e+02
1.705000000000000000e+02
1.685000000000000000e+02
1.682500000000000000e+02
1.682500000000000000e+02
1.692500000000000000e+02
1.692500000000000000e+02
1.690000000000000000e+02
1.690000000000000000e+02
1.682500000000000000e+02
1.700000000000000000e+02
1.700000000000000000e+02
1.695000000000000000e+02
1.710000000000000000e+02
1.710000000000000000e+02
1.692500000000000000e+02
1.695000000000000000e+02
1.700000000000000000e+02
1.700000000000000000e+02
1.695000000000000000e+02
1.697500000000000000e+02
1.697500000000000000e+02
1.702500000000000000e+02
1.700000000000000000e+02
1.700000000000000000e+02
1.697500000000000000e+02
1.687500000000000000e+02
1.710000000000000000e+02
1.710000000000000000e+02
1.702500000000000000e+02
1.707500000000000000e+02
1.707500000000000000e+02
1.700000000000000000e+02
1.695000000000000000e+02
1.692500000000000000e+02
1.692500000000000000e+02
1.697500000000000000e+02
1.692500000000000000e+02
1.692500000000000000e+02
1.700000000000000000e+02
1.700000000000000000e+02
1.710000000000000000e+02
1.710000000000000000e+02
1.697500000000000000e+02
1.692500000000000000e+02
1.692500000000000000e+02
1.690000000000000000e+02
1.702500000000000000e+02
1.702500000000000000e+02
1.702500000000000000e+02
1.702500000000000000e+02
1.700000000000000000e+02
1.700000000000000000e+02
1.705000000000000000e+02
1.697500000000000000e+02
1.697500000000000000e+02
1.702500000000000000e+02
1.695000000000000000e+02
1.705000000000000000e+02
1.705000000000000000e+02
1.712500000000000000e+02
1.720000000000000000e+02
1.720000000000000000e+02
1.720000000000000000e+02
1.707500000000000000e+02
1.702500000000000000e+02
1.702500000000000000e+02
1.712500000000000000e+02
1.717500000000000000e+02
1.717500000000000000e+02
1.722500000000000000e+02
1.712500000000000000e+02
1.720000000000000000e+02
1.720000000000000000e+02
1.727500000000000000e+02
1.722500000000000000e+02
1.722500000000000000e+02
1.720000000000000000e+02
1.710000000000000000e+02
1.707500000000000000e+02
1.707500000000000000e+02
1.717500000000000000e+02
1.725000000000000000e+02
1.725000000000000000e+02
1.715000000000000000e+02
1.720000000000000000e+02
1.725000000000000000e+02
1.725000000000000000e+02
1.727500000000000000e+02
1.727500000000000000e+02
1.727500000000000000e+02
1.725000000000000000e+02
1.730000000000000000e+02
1.712500000000000000e+02
1.712500000000000000e+02
1.740000000000000000e+02
1.722500000000000000e+02
1.722500000000000000e+02
1.722500000000000000e+02
1.722500000000000000e+02
1.725000000000000000e+02
1.725000000000000000e+02
1.722500000000000000e+02
1.715000000000000000e+02
1.732500000000000000e+02
1.732500000000000000e+02
1.727500000000000000e+02
1.725000000000000000e+02
1.725000000000000000e+02
1.737500000000000000e+02
1.722500000000000000e+02
1.707500000000000000e+02
1.707500000000000000e+02
1.740000000000000000e+02
1.712500000000000000e+02
1.712500000000000000e+02
1.725000000000000000e+02
1.727500000000000000e+02
1.720000000000000000e+02
1.720000000000000000e+02
1.735000000000000000e+02
1.737500000000000000e+02
1.737500000000000000e+02
1.737500000000000000e+02
1.722500000000000000e+02
1.755000000000000000e+02
1.755000000000000000e+02
1.735000000000000000e+02
1.737500000000000000e+02
1.742500000000000000e+02
1.742500000000000000e+02
1.745000000000000000e+02
1.752500000000000000e+02
1.752500000000000000e+02
1.760000000000000000e+02
1.762500000000000000e+02
1.750000000000000000e+02
1.750000000000000000e+02
1.760000000000000000e+02
1.752500000000000000e+02
1.762500000000000000e+02
1.762500000000000000e+02
1.755000000000000000e+02
1.755000000000000000e+02
1.772500000000000000e+02
1.772500000000000000e+02
1.755000000000000000e+02
1.757500000000000000e+02
1.757500000000000000e+02
1.762500000000000000e+02
1.767500000000000000e+02
1.765000000000000000e+02
1.765000000000000000e+02
1.765000000000000000e+02
1.760000000000000000e+02
1.767500000000000000e+02
1.767500000000000000e+02
1.762500000000000000e+02
1.777500000000000000e+02
1.777500000000000000e+02
1.760000000000000000e+02
1.765000000000000000e+02
1.770000000000000000e+02
1.770000000000000000e+02
1.770000000000000000e+02
1.752500000000000000e+02
1.762500000000000000e+02
1.762500000000000000e+02
1.767500000000000000e+02
1.762500000000000000e+02
1.767500000000000000e+02
1.767500000000000000e+02
1.800000000000000000e+02
1.747500000000000000e+02
1.775000000000000000e+02
1.775000000000000000e+02
1.777500000000000000e+02
1.775000000000000000e+02
1.780000000000000000e+02
1.780000000000000000e+02
1.767500000000000000e+02
1.780000000000000000e+02
1.777500000000000000e+02
1.777500000000000000e+02
1.770000000000000000e+02
1.780000000000000000e+02
1.780000000000000000e+02
1.762500000000000000e+02
1.772500000000000000e+02
1.770000000000000000e+02
1.770000000000000000e+02
1.782500000000000000e+02
1.777500000000000000e+02
1.785000000000000000e+02
1.785000000000000000e+02
1.770000000000000000e+02
1.780000000000000000e+02
1.777500000000000000e+02
1.777500000000000000e+02
1.785000000000000000e+02
1.780000000000000000e+02
1.780000000000000000e+02
1.780000000000000000e+02
1.772500000000000000e+02
1.772500000000000000e+02
1.775000000000000000e+02
1.775000000000000000e+02
1.777500000000000000e+02
1.775000000000000000e+02
1.782500000000000000e+02
1.782500000000000000e+02
1.777500000000000000e+02
1.785000000000000000e+02
1.785000000000000000e+02
1.785000000000000000e+02
1.782500000000000000e+02
1.785000000000000000e+02
1.785000000000000000e+02
1.797500000000000000e+02
1.780000000000000000e+02
1.787500000000000000e+02
1.787500000000000000e+02
1.787500000000000000e+02
1.787500000000000000e+02
1.787500000000000000e+02
1.787500000000000000e+02
1.795000000000000000e+02
1.795000000000000000e+02
1.792500000000000000e+02
1.792500000000000000e+02
1.792500000000000000e+02
1.790000000000000000e+02
1.797500000000000000e+02
1.797500000000000000e+02
1.797500000000000000e+02
1.797500000000000000e+02
1.790000000000000000e+02
1.790000000000000000e+02
1.797500000000000000e+02
1.795000000000000000e+02
1.797500000000000000e+02
1.797500000000000000e+02
1.790000000000000000e+02
1.797500000000000000e+02
1.790000000000000000e+02
1.790000000000000000e+02
1.797500000000000000e+02
1.790000000000000000e+02
1.797500000000000000e+02
1.797500000000000000e+02
1.797500000000000000e+02
1.792500000000000000e+02
1.787500000000000000e+02
1.787500000000000000e+02
1.797500000000000000e+02
1.800000000000000000e+02
1.797500000000000000e+02
1.797500000000000000e+02
1.802500000000000000e+02
1.802500000000000000e+02
1.802500000000000000e+02
1.802500000000000000e+02
1.795000000000000000e+02
1.797500000000000000e+02
1.805000000000000000e+02
1.805000000000000000e+02
1.800000000000000000e+02
1.802500000000000000e+02
1.800000000000000000e+02
1.800000000000000000e+02
1.797500000000000000e+02
1.802500000000000000e+02
1.797500000000000000e+02
1.797500000000000000e+02
1.805000000000000000e+02
1.802500000000000000e+02
1.807500000000000000e+02
1.807500000000000000e+02
1.805000000000000000e+02
1.807500000000000000e+02
1.800000000000000000e+02
1.800000000000000000e+02
1.805000000000000000e+02
1.802500000000000000e+02
1.812500000000000000e+02
1.812500000000000000e+02
1.800000000000000000e+02
1.805000000000000000e+02
1.805000000000000000e+02
1.805000000000000000e+02
1.802500000000000000e+02
1.802500000000000000e+02
1.800000000000000000e+02
1.800000000000000000e+02
1.805000000000000000e+02
1.805000000000000000e+02
1.800000000000000000e+02
1.800000000000000000e+02
1.797500000000000000e+02
1.795000000000000000e+02
1.787500000000000000e+02
1.787500000000000000e+02
1.792500000000000000e+02
1.787500000000000000e+02
1.790000000000000000e+02
1.790000000000000000e+02
1.780000000000000000e+02
1.775000000000000000e+02
1.767500000000000000e+02
1.767500000000000000e+02
1.772500000000000000e+02
1.757500000000000000e+02
1.757500000000000000e+02
1.762500000000000000e+02
1.765000000000000000e+02
1.767500000000000000e+02
1.767500000000000000e+02
1.765000000000000000e+02
1.772500000000000000e+02
1.765000000000000000e+02
1.765000000000000000e+02
1.775000000000000000e+02
1.775000000000000000e+02
1.772500000000000000e+02
1.772500000000000000e+02
1.765000000000000000e+02
1.770000000000000000e+02
1.760000000000000000e+02
1.760000000000000000e+02
1.765000000000000000e+02
1.762500000000000000e+02
1.762500000000000000e+02
1.762500000000000000e+02
1.765000000000000000e+02
1.772500000000000000e+02
1.772500000000000000e+02
1.767500000000000000e+02
1.767500000000000000e+02
1.767500000000000000e+02
1.767500000000000000e+02
1.767500000000000000e+02
1.765000000000000000e+02
1.765000000000000000e+02
1.765000000000000000e+02
1.765000000000000000e+02
1.765000000000000000e+02
1.762500000000000000e+02
1.762500000000000000e+02
1.765000000000000000e+02
1.770000000000000000e+02
1.770000000000000000e+02
1.765000000000000000e+02
1.762500000000000000e+02
1.765000000000000000e+02
1.765000000000000000e+02
1.762500000000000000e+02
1.762500000000000000e+02
1.752500000000000000e+02
1.752500000000000000e+02
1.757500000000000000e+02
1.757500000000000000e+02
1.757500000000000000e+02
1.757500000000000000e+02
1.750000000000000000e+02
1.747500000000000000e+02
1.760000000000000000e+02
1.760000000000000000e+02
1.755000000000000000e+02
1.762500000000000000e+02
1.762500000000000000e+02
1.757500000000000000e+02
1.760000000000000000e+02
1.755000000000000000e+02
1.755000000000000000e+02
1.757500000000000000e+02
1.760000000000000000e+02
1.760000000000000000e+02
1.765000000000000000e+02
1.760000000000000000e+02
1.755000000000000000e+02
1.757500000000000000e+02
1.757500000000000000e+02
1.762500000000000000e+02
1.752500000000000000e+02
1.752500000000000000e+02
1.760000000000000000e+02
1.740000000000000000e+02
1.740000000000000000e+02
1.747500000000000000e+02
1.755000000000000000e+02
1.742500000000000000e+02
1.745000000000000000e+02
1.745000000000000000e+02
1.747500000000000000e+02
1.750000000000000000e+02
1.750000000000000000e+02
1.752500000000000000e+02
1.747500000000000000e+02
1.745000000000000000e+02
1.745000000000000000e+02
1.742500000000000000e+02
1.740000000000000000e+02
1.747500000000000000e+02
1.747500000000000000e+02
1.745000000000000000e+02
1.750000000000000000e+02
1.750000000000000000e+02
1.732500000000000000e+02
1.735000000000000000e+02
1.735000000000000000e+02
1.735000000000000000e+02
1.732500000000000000e+02
1.735000000000000000e+02
1.735000000000000000e+02
1.740000000000000000e+02
1.722500000000000000e+02
1.737500000000000000e+02
1.737500000000000000e+02
1.725000000000000000e+02
1.737500000000000000e+02
1.742500000000000000e+02
1.742500000000000000e+02
1.732500000000000000e+02
1.752500000000000000e+02
1.752500000000000000e+02
1.722500000000000000e+02
1.737500000000000000e+02
1.732500000000000000e+02
1.732500000000000000e+02
1.735000000000000000e+02
1.735000000000000000e+02
1.735000000000000000e+02
1.737500000000000000e+02
1.742500000000000000e+02
1.725000000000000000e+02
1.725000000000000000e+02
1.735000000000000000e+02
1.727500000000000000e+02
1.725000000000000000e+02
1.725000000000000000e+02
1.717500000000000000e+02
1.730000000000000000e+02
1.730000000000000000e+02
1.722500000000000000e+02
1.722500000000000000e+02
1.720000000000000000e+02
1.720000000000000000e+02
1.725000000000000000e+02
1.717500000000000000e+02
1.717500000000000000e+02
1.717500000000000000e+02
1.725000000000000000e+02
1.720000000000000000e+02
1.720000000000000000e+02
1.717500000000000000e+02
1.715000000000000000e+02
1.715000000000000000e+02
1.697500000000000000e+02
1.700000000000000000e+02
1.705000000000000000e+02
1.705000000000000000e+02
1.700000000000000000e+02
1.685000000000000000e+02
1.685000000000000000e+02
1.687500000000000000e+02
1.690000000000000000e+02
1.682500000000000000e+02
1.682500000000000000e+02
1.685000000000000000e+02
1.685000000000000000e+02
1.685000000000000000e+02
1.687500000000000000e+02
1.690000000000000000e+02
1.690000000000000000e+02
1.695000000000000000e+02
1.667500000000000000e+02
1.685000000000000000e+02
1.685000000000000000e+02
1.682500000000000000e+02
1.687500000000000000e+02
1.687500000000000000e+02
1.690000000000000000e+02
1.670000000000000000e+02
1.670000000000000000e+02
1.672500000000000000e+02
1.672500000000000000e+02
1.672500000000000000e+02
1.662500000000000000e+02
1.662500000000000000e+02
1.655000000000000000e+02
1.655000000000000000e+02
1.652500000000000000e+02
1.662500000000000000e+02
1.662500000000000000e+02
1.660000000000000000e+02
1.650000000000000000e+02
1.650000000000000000e+02
1.645000000000000000e+02
1.650000000000000000e+02
1.650000000000000000e+02
1.640000000000000000e+02
1.647500000000000000e+02
1.637500000000000000e+02
1.637500000000000000e+02
1.647500000000000000e+02
1.640000000000000000e+02
1.640000000000000000e+02
1.665000000000000000e+02
1.665000000000000000e+02
1.665000000000000000e+02
1.660000000000000000e+02
1.652500000000000000e+02
1.652500000000000000e+02
1.652500000000000000e+02
1.625000000000000000e+02
1.625000000000000000e+02
1.627500000000000000e+02
1.640000000000000000e+02
1.640000000000000000e+02
1.645000000000000000e+02
1.660000000000000000e+02
1.645000000000000000e+02
1.645000000000000000e+02
1.652500000000000000e+02
1.630000000000000000e+02
1.630000000000000000e+02
1.655000000000000000e+02
1.652500000000000000e+02
1.652500000000000000e+02
1.657500000000000000e+02
1.642500000000000000e+02
1.642500000000000000e+02
1.650000000000000000e+02
1.647500000000000000e+02
1.647500000000000000e+02
1.657500000000000000e+02
1.655000000000000000e+02
1.657500000000000000e+02
1.657500000000000000e+02
1.650000000000000000e+02
1.630000000000000000e+02
1.630000000000000000e+02
1.615000000000000000e+02
1.635000000000000000e+02
1.635000000000000000e+02
1.627500000000000000e+02
1.642500000000000000e+02
1.642500000000000000e+02
1.640000000000000000e+02
1.645000000000000000e+02
1.645000000000000000e+02
1.640000000000000000e+02
1.635000000000000000e+02
1.635000000000000000e+02
1.637500000000000000e+02
1.640000000000000000e+02
1.640000000000000000e+02
1.650000000000000000e+02
1.665000000000000000e+02
1.665000000000000000e+02
1.665000000000000000e+02
1.670000000000000000e+02
1.667500000000000000e+02
1.667500000000000000e+02
1.680000000000000000e+02
1.670000000000000000e+02
1.670000000000000000e+02
1.677500000000000000e+02
1.675000000000000000e+02
1.680000000000000000e+02
1.680000000000000000e+02
1.687500000000000000e+02
1.692500000000000000e+02
1.692500000000000000e+02
1.690000000000000000e+02
1.715000000000000000e+02
1.672500000000000000e+02
1.672500000000000000e+02
1.707500000000000000e+02
1.690000000000000000e+02
1.690000000000000000e+02
1.707500000000000000e+02
1.675000000000000000e+02
1.675000000000000000e+02
1.682500000000000000e+02
1.667500000000000000e+02
1.667500000000000000e+02
1.682500000000000000e+02
1.687500000000000000e+02
1.690000000000000000e+02
1.690000000000000000e+02
1.692500000000000000e+02
1.697500000000000000e+02
1.697500000000000000e+02
1.697500000000000000e+02
1.707500000000000000e+02
1.697500000000000000e+02
1.697500000000000000e+02
1.702500000000000000e+02
1.705000000000000000e+02
1.705000000000000000e+02
1.707500000000000000e+02
1.710000000000000000e+02
1.697500000000000000e+02
1.697500000000000000e+02
1.715000000000000000e+02
1.715000000000000000e+02
1.715000000000000000e+02
1.715000000000000000e+02
1.715000000000000000e+02
1.702500000000000000e+02
1.702500000000000000e+02
1.702500000000000000e+02
1.710000000000000000e+02
1.710000000000000000e+02
1.702500000000000000e+02
1.705000000000000000e+02
1.692500000000000000e+02
1.692500000000000000e+02
1.717500000000000000e+02
1.702500000000000000e+02
1.702500000000000000e+02
1.705000000000000000e+02
1.710000000000000000e+02
1.722500000000000000e+02
1.722500000000000000e+02
1.737500000000000000e+02
1.695000000000000000e+02
1.695000000000000000e+02
1.712500000000000000e+02
1.712500000000000000e+02
1.692500000000000000e+02
1.692500000000000000e+02
1.702500000000000000e+02
1.707500000000000000e+02
1.707500000000000000e+02
1.692500000000000000e+02
1.712500000000000000e+02
1.712500000000000000e+02
1.697500000000000000e+02
1.692500000000000000e+02
1.675000000000000000e+02
1.675000000000000000e+02
1.667500000000000000e+02
1.677500000000000000e+02
1.677500000000000000e+02
1.705000000000000000e+02
1.690000000000000000e+02
1.690000000000000000e+02
1.702500000000000000e+02
1.712500000000000000e+02
1.717500000000000000e+02
1.717500000000000000e+02
1.712500000000000000e+02
1.712500000000000000e+02
1.712500000000000000e+02
1.720000000000000000e+02
1.722500000000000000e+02
1.715000000000000000e+02
1.715000000000000000e+02
1.727500000000000000e+02
1.727500000000000000e+02
1.732500000000000000e+02
1.732500000000000000e+02
1.727500000000000000e+02
1.725000000000000000e+02
1.725000000000000000e+02
1.710000000000000000e+02
1.730000000000000000e+02
1.727500000000000000e+02
1.727500000000000000e+02
1.727500000000000000e+02
1.742500000000000000e+02
1.742500000000000000e+02
1.742500000000000000e+02
1.742500000000000000e+02
1.747500000000000000e+02
1.747500000000000000e+02
1.707500000000000000e+02
1.722500000000000000e+02
1.722500000000000000e+02
1.742500000000000000e+02
1.745000000000000000e+02
1.752500000000000000e+02
1.752500000000000000e+02
1.745000000000000000e+02
1.740000000000000000e+02
1.747500000000000000e+02
1.747500000000000000e+02
1.747500000000000000e+02
1.757500000000000000e+02
1.757500000000000000e+02
1.752500000000000000e+02
1.757500000000000000e+02
1.760000000000000000e+02
1.760000000000000000e+02
1.750000000000000000e+02
1.760000000000000000e+02
1.757500000000000000e+02
1.757500000000000000e+02
1.772500000000000000e+02
1.760000000000000000e+02
1.770000000000000000e+02
1.770000000000000000e+02
1.775000000000000000e+02
1.780000000000000000e+02
1.767500000000000000e+02
1.767500000000000000e+02
1.777500000000000000e+02
1.770000000000000000e+02
1.770000000000000000e+02
1.785000000000000000e+02
1.737500000000000000e+02
1.770000000000000000e+02
1.770000000000000000e+02
1.775000000000000000e+02
1.760000000000000000e+02
1.767500000000000000e+02
1.767500000000000000e+02
1.782500000000000000e+02
1.772500000000000000e+02
1.780000000000000000e+02
1.780000000000000000e+02
1.762500000000000000e+02
1.770000000000000000e+02
1.777500000000000000e+02
1.777500000000000000e+02
1.782500000000000000e+02
1.765000000000000000e+02
1.765000000000000000e+02
1.755000000000000000e+02
1.780000000000000000e+02
1.775000000000000000e+02
1.772500000000000000e+02
1.772500000000000000e+02
1.777500000000000000e+02
1.785000000000000000e+02
1.785000000000000000e+02
1.770000000000000000e+02
1.785000000000000000e+02
1.777500000000000000e+02
1.777500000000000000e+02
1.785000000000000000e+02
1.782500000000000000e+02
1.792500000000000000e+02
1.792500000000000000e+02
1.777500000000000000e+02
1.772500000000000000e+02
1.777500000000000000e+02
1.777500000000000000e+02
1.785000000000000000e+02
1.787500000000000000e+02
1.775000000000000000e+02
1.775000000000000000e+02
1.787500000000000000e+02
1.785000000000000000e+02
1.782500000000000000e+02
1.782500000000000000e+02
1.790000000000000000e+02
1.782500000000000000e+02
1.782500000000000000e+02
1.787500000000000000e+02
1.787500000000000000e+02
1.787500000000000000e+02
1.787500000000000000e+02
1.787500000000000000e+02
1.795000000000000000e+02
1.792500000000000000e+02
1.805000000000000000e+02
1.805000000000000000e+02
1.795000000000000000e+02
1.787500000000000000e+02
1.787500000000000000e+02
1.802500000000000000e+02
1.802500000000000000e+02
1.790000000000000000e+02
1.790000000000000000e+02
1.797500000000000000e+02
1.795000000000000000e+02
1.797500000000000000e+02
1.797500000000000000e+02
1.797500000000000000e+02
1.800000000000000000e+02
1.805000000000000000e+02
1.805000000000000000e+02
1.805000000000000000e+02
1.800000000000000000e+02
1.787500000000000000e+02
1.787500000000000000e+02
1.807500000000000000e+02
1.805000000000000000e+02
1.795000000000000000e+02
1.795000000000000000e+02
1.807500000000000000e+02
1.812500000000000000e+02
1.802500000000000000e+02
1.792500000000000000e+02
1.792500000000000000e+02
1.800000000000000000e+02
1.802500000000000000e+02
1.812500000000000000e+02
1.812500000000000000e+02
1.812500000000000000e+02
1.797500000000000000e+02
1.797500000000000000e+02
1.815000000000000000e+02
1.812500000000000000e+02
1.815000000000000000e+02
1.815000000000000000e+02
1.812500000000000000e+02
1.810000000000000000e+02
1.810000000000000000e+02
1.815000000000000000e+02
1.815000000000000000e+02
1.817500000000000000e+02
1.810000000000000000e+02
1.815000000000000000e+02
1.815000000000000000e+02
1.817500000000000000e+02
1.842500000000000000e+02
1.787500000000000000e+02
1.787500000000000000e+02
1.822500000000000000e+02
1.822500000000000000e+02
1.825000000000000000e+02
1.825000000000000000e+02
1.827500000000000000e+02
1.827500000000000000e+02
1.830000000000000000e+02
1.830000000000000000e+02
1.825000000000000000e+02
1.827500000000000000e+02
1.832500000000000000e+02
1.822500000000000000e+02
1.822500000000000000e+02
1.830000000000000000e+02
1.830000000000000000e+02
1.820000000000000000e+02
1.820000000000000000e+02
1.825000000000000000e+02
1.830000000000000000e+02
1.830000000000000000e+02
1.822500000000000000e+02
1.825000000000000000e+02
1.827500000000000000e+02
1.855000000000000000e+02
1.855000000000000000e+02
1.792500000000000000e+02
1.820000000000000000e+02
1.830000000000000000e+02
1.830000000000000000e+02
1.830000000000000000e+02
1.837500000000000000e+02
1.822500000000000000e+02
1.822500000000000000e+02
1.832500000000000000e+02
1.830000000000000000e+02
1.827500000000000000e+02
1.827500000000000000e+02
1.827500000000000000e+02
1.837500000000000000e+02
1.822500000000000000e+02
1.822500000000000000e+02
1.830000000000000000e+02
1.832500000000000000e+02
1.832500000000000000e+02
1.840000000000000000e+02
1.840000000000000000e+02
1.825000000000000000e+02
1.832500000000000000e+02
1.822500000000000000e+02
1.822500000000000000e+02
1.822500000000000000e+02
1.825000000000000000e+02
1.830000000000000000e+02
1.830000000000000000e+02
1.827500000000000000e+02
1.830000000000000000e+02
1.832500000000000000e+02
1.827500000000000000e+02
1.827500000000000000e+02
1.825000000000000000e+02
1.830000000000000000e+02
1.827500000000000000e+02
1.827500000000000000e+02
1.830000000000000000e+02
1.835000000000000000e+02
1.830000000000000000e+02
1.830000000000000000e+02
1.830000000000000000e+02
1.840000000000000000e+02
1.840000000000000000e+02
1.840000000000000000e+02
1.840000000000000000e+02
1.840000000000000000e+02
1.847500000000000000e+02
1.842500000000000000e+02
1.842500000000000000e+02
1.842500000000000000e+02
1.832500000000000000e+02
1.845000000000000000e+02
1.845000000000000000e+02
1.842500000000000000e+02
1.827500000000000000e+02
1.835000000000000000e+02
1.835000000000000000e+02
1.817500000000000000e+02
1.845000000000000000e+02
1.835000000000000000e+02
1.820000000000000000e+02
1.820000000000000000e+02
1.827500000000000000e+02
1.820000000000000000e+02
1.822500000000000000e+02
1.822500000000000000e+02
1.827500000000000000e+02
1.825000000000000000e+02
1.822500000000000000e+02
1.822500000000000000e+02
1.822500000000000000e+02
1.820000000000000000e+02
1.822500000000000000e+02
1.822500000000000000e+02
1.817500000000000000e+02
1.825000000000000000e+02
1.822500000000000000e+02
1.822500000000000000e+02
1.822500000000000000e+02
1.822500000000000000e+02
1.825000000000000000e+02
1.825000000000000000e+02
1.827500000000000000e+02
1.830000000000000000e+02
1.832500000000000000e+02
1.832500000000000000e+02
1.837500000000000000e+02
1.835000000000000000e+02
1.835000000000000000e+02
1.830000000000000000e+02
1.830000000000000000e+02
1.840000000000000000e+02
1.840000000000000000e+02
1.840000000000000000e+02
1.840000000000000000e+02
1.837500000000000000e+02
1.847500000000000000e+02
1.805000000000000000e+02
1.805000000000000000e+02
1.827500000000000000e+02
1.827500000000000000e+02
1.830000000000000000e+02
1.830000000000000000e+02
1.825000000000000000e+02
1.827500000000000000e+02
1.830000000000000000e+02
1.830000000000000000e+02
1.830000000000000000e+02
1.850000000000000000e+02
1.815000000000000000e+02
1.837500000000000000e+02
1.837500000000000000e+02
1.825000000000000000e+02
1.827500000000000000e+02
1.830000000000000000e+02
1.830000000000000000e+02
1.832500000000000000e+02
1.827500000000000000e+02
1.835000000000000000e+02
1.835000000000000000e+02
1.825000000000000000e+02
1.835000000000000000e+02
1.827500000000000000e+02
1.835000000000000000e+02
1.835000000000000000e+02
1.825000000000000000e+02
1.820000000000000000e+02
1.825000000000000000e+02
1.825000000000000000e+02
1.830000000000000000e+02
1.822500000000000000e+02
1.825000000000000000e+02
1.825000000000000000e+02
1.837500000000000000e+02
1.825000000000000000e+02
1.815000000000000000e+02
1.815000000000000000e+02
1.812500000000000000e+02
1.810000000000000000e+02
1.832500000000000000e+02
1.832500000000000000e+02
1.822500000000000000e+02
1.815000000000000000e+02
1.812500000000000000e+02
1.812500000000000000e+02
1.820000000000000000e+02
1.815000000000000000e+02
1.815000000000000000e+02
1.815000000000000000e+02
1.820000000000000000e+02
1.817500000000000000e+02
1.807500000000000000e+02
1.807500000000000000e+02
1.830000000000000000e+02
1.817500000000000000e+02
1.822500000000000000e+02
1.817500000000000000e+02
1.817500000000000000e+02
1.827500000000000000e+02
1.812500000000000000e+02
1.812500000000000000e+02
1.812500000000000000e+02
1.812500000000000000e+02
1.810000000000000000e+02
1.810000000000000000e+02
1.812500000000000000e+02
1.805000000000000000e+02
1.805000000000000000e+02
1.810000000000000000e+02
1.810000000000000000e+02
1.810000000000000000e+02
1.795000000000000000e+02
1.820000000000000000e+02
1.820000000000000000e+02
1.805000000000000000e+02
1.805000000000000000e+02
1.800000000000000000e+02
1.800000000000000000e+02
1.795000000000000000e+02
1.800000000000000000e+02
1.802500000000000000e+02
1.802500000000000000e+02
1.802500000000000000e+02
1.800000000000000000e+02
1.802500000000000000e+02
1.802500000000000000e+02
1.805000000000000000e+02
1.795000000000000000e+02
1.800000000000000000e+02
1.800000000000000000e+02
1.790000000000000000e+02
1.800000000000000000e+02
1.802500000000000000e+02
1.802500000000000000e+02
1.797500000000000000e+02
1.797500000000000000e+02
1.805000000000000000e+02
1.805000000000000000e+02
1.790000000000000000e+02
1.795000000000000000e+02
1.797500000000000000e+02
1.797500000000000000e+02
1.795000000000000000e+02
1.807500000000000000e+02
1.785000000000000000e+02
1.785000000000000000e+02
1.795000000000000000e+02
1.795000000000000000e+02
1.790000000000000000e+02
1.790000000000000000e+02
1.822500000000000000e+02
1.767500000000000000e+02
1.767500000000000000e+02
1.792500000000000000e+02
1.787500000000000000e+02
1.792500000000000000e+02
1.780000000000000000e+02
1.780000000000000000e+02
1.785000000000000000e+02
1.780000000000000000e+02
1.770000000000000000e+02
1.770000000000000000e+02
1.777500000000000000e+02
1.780000000000000000e+02
1.780000000000000000e+02
1.775000000000000000e+02
1.785000000000000000e+02
1.810000000000000000e+02
1.810000000000000000e+02
1.740000000000000000e+02
1.780000000000000000e+02
1.767500000000000000e+02
1.767500000000000000e+02
1.780000000000000000e+02
1.772500000000000000e+02
1.772500000000000000e+02
1.772500000000000000e+02
1.772500000000000000e+02
1.772500000000000000e+02
1.772500000000000000e+02
1.772500000000000000e+02
1.772500000000000000e+02
1.765000000000000000e+02
1.765000000000000000e+02
1.760000000000000000e+02
1.760000000000000000e+02
1.767500000000000000e+02
1.767500000000000000e+02
1.760000000000000000e+02
1.755000000000000000e+02
1.745000000000000000e+02
1.745000000000000000e+02
1.747500000000000000e+02
1.750000000000000000e+02
1.750000000000000000e+02
1.750000000000000000e+02
1.732500000000000000e+02
1.737500000000000000e+02
1.737500000000000000e+02
1.742500000000000000e+02
1.732500000000000000e+02
1.742500000000000000e+02
1.742500000000000000e+02
1.742500000000000000e+02
1.742500000000000000e+02
1.742500000000000000e+02
1.742500000000000000e+02
1.747500000000000000e+02
1.720000000000000000e+02
1.720000000000000000e+02
1.747500000000000000e+02
1.727500000000000000e+02
1.725000000000000000e+02
1.725000000000000000e+02
1.732500000000000000e+02
1.712500000000000000e+02
1.712500000000000000e+02
1.720000000000000000e+02
1.715000000000000000e+02
1.715000000000000000e+02
1.717500000000000000e+02
1.715000000000000000e+02
1.715000000000000000e+02
1.715000000000000000e+02
1.705000000000000000e+02
1.705000000000000000e+02
1.702500000000000000e+02
1.702500000000000000e+02
1.685000000000000000e+02
1.685000000000000000e+02
1.685000000000000000e+02
1.675000000000000000e+02
1.682500000000000000e+02
1.682500000000000000e+02
1.680000000000000000e+02
1.682500000000000000e+02
1.685000000000000000e+02
1.685000000000000000e+02
1.685000000000000000e+02
1.695000000000000000e+02
1.695000000000000000e+02
1.695000000000000000e+02
1.697500000000000000e+02
1.687500000000000000e+02
1.687500000000000000e+02
1.700000000000000000e+02
1.687500000000000000e+02
1.687500000000000000e+02
1.695000000000000000e+02
1.702500000000000000e+02
1.702500000000000000e+02
1.705000000000000000e+02
1.692500000000000000e+02
1.687500000000000000e+02
1.687500000000000000e+02
1.680000000000000000e+02
1.677500000000000000e+02
1.677500000000000000e+02
1.685000000000000000e+02
1.670000000000000000e+02
1.670000000000000000e+02
1.697500000000000000e+02
1.690000000000000000e+02
1.685000000000000000e+02
1.685000000000000000e+02
1.687500000000000000e+02
1.670000000000000000e+02
1.670000000000000000e+02
1.685000000000000000e+02
1.675000000000000000e+02
1.675000000000000000e+02
1.672500000000000000e+02
1.675000000000000000e+02
1.667500000000000000e+02
1.667500000000000000e+02
1.660000000000000000e+02
1.677500000000000000e+02
1.677500000000000000e+02
1.672500000000000000e+02
1.667500000000000000e+02
1.667500000000000000e+02
1.682500000000000000e+02
1.690000000000000000e+02
1.687500000000000000e+02
1.687500000000000000e+02
1.682500000000000000e+02
1.682500000000000000e+02
1.682500000000000000e+02
1.695000000000000000e+02
1.682500000000000000e+02
1.682500000000000000e+02
1.695000000000000000e+02
1.690000000000000000e+02
1.675000000000000000e+02
1.675000000000000000e+02
1.682500000000000000e+02
1.682500000000000000e+02
1.682500000000000000e+02
1.667500000000000000e+02
1.675000000000000000e+02
1.675000000000000000e+02
1.682500000000000000e+02
1.660000000000000000e+02
1.675000000000000000e+02
1.675000000000000000e+02
1.670000000000000000e+02
1.697500000000000000e+02
1.697500000000000000e+02
1.675000000000000000e+02
1.697500000000000000e+02
1.697500000000000000e+02
1.662500000000000000e+02
1.692500000000000000e+02
1.697500000000000000e+02
1.697500000000000000e+02
1.705000000000000000e+02
1.695000000000000000e+02
1.695000000000000000e+02
1.697500000000000000e+02
1.692500000000000000e+02
1.705000000000000000e+02
1.705000000000000000e+02
1.695000000000000000e+02
1.687500000000000000e+02
1.687500000000000000e+02
1.707500000000000000e+02
1.695000000000000000e+02
1.695000000000000000e+02
1.705000000000000000e+02
1.700000000000000000e+02
1.700000000000000000e+02
1.700000000000000000e+02
1.692500000000000000e+02
1.700000000000000000e+02
1.700000000000000000e+02
1.705000000000000000e+02
1.692500000000000000e+02
1.692500000000000000e+02
1.692500000000000000e+02
1.667500000000000000e+02
1.695000000000000000e+02
1.695000000000000000e+02
1.690000000000000000e+02
1.700000000000000000e+02
1.700000000000000000e+02
1.697500000000000000e+02
1.682500000000000000e+02
1.700000000000000000e+02
1.700000000000000000e+02
1.702500000000000000e+02
1.697500000000000000e+02
1.697500000000000000e+02
1.710000000000000000e+02
1.700000000000000000e+02
1.717500000000000000e+02
1.717500000000000000e+02
1.720000000000000000e+02
1.715000000000000000e+02
1.715000000000000000e+02
1.722500000000000000e+02
1.727500000000000000e+02
1.730000000000000000e+02
1.730000000000000000e+02
1.717500000000000000e+02
1.720000000000000000e+02
1.720000000000000000e+02
1.720000000000000000e+02
1.705000000000000000e+02
1.720000000000000000e+02
1.720000000000000000e+02
1.730000000000000000e+02
1.727500000000000000e+02
1.722500000000000000e+02
1.722500000000000000e+02
1.727500000000000000e+02
1.750000000000000000e+02
1.750000000000000000e+02
1.710000000000000000e+02
1.730000000000000000e+02
1.730000000000000000e+02
1.737500000000000000e+02
1.735000000000000000e+02
1.742500000000000000e+02
1.742500000000000000e+02
1.740000000000000000e+02
1.735000000000000000e+02
1.742500000000000000e+02
1.742500000000000000e+02
1.735000000000000000e+02
1.737500000000000000e+02
1.737500000000000000e+02
1.732500000000000000e+02
1.727500000000000000e+02
1.752500000000000000e+02
1.752500000000000000e+02
1.735000000000000000e+02
1.732500000000000000e+02
1.740000000000000000e+02
1.740000000000000000e+02
1.717500000000000000e+02
1.735000000000000000e+02
1.735000000000000000e+02
1.737500000000000000e+02
1.740000000000000000e+02
1.740000000000000000e+02
1.740000000000000000e+02
1.752500000000000000e+02
1.712500000000000000e+02
1.732500000000000000e+02
1.732500000000000000e+02
1.725000000000000000e+02
1.727500000000000000e+02
1.727500000000000000e+02
1.735000000000000000e+02
1.745000000000000000e+02
1.742500000000000000e+02
1.742500000000000000e+02
1.722500000000000000e+02
1.725000000000000000e+02
1.725000000000000000e+02
1.732500000000000000e+02
1.732500000000000000e+02
1.717500000000000000e+02
1.717500000000000000e+02
1.727500000000000000e+02
1.727500000000000000e+02
1.725000000000000000e+02
1.725000000000000000e+02
1.720000000000000000e+02
1.715000000000000000e+02
1.715000000000000000e+02
1.730000000000000000e+02
1.727500000000000000e+02
1.727500000000000000e+02
1.712500000000000000e+02
1.732500000000000000e+02
1.722500000000000000e+02
1.722500000000000000e+02
1.715000000000000000e+02
1.722500000000000000e+02
1.722500000000000000e+02
1.722500000000000000e+02
1.722500000000000000e+02
1.727500000000000000e+02
1.727500000000000000e+02
1.725000000000000000e+02
1.717500000000000000e+02
1.730000000000000000e+02
1.730000000000000000e+02
1.737500000000000000e+02
1.727500000000000000e+02
1.727500000000000000e+02
1.735000000000000000e+02
1.720000000000000000e+02
1.730000000000000000e+02
1.730000000000000000e+02
1.762500000000000000e+02
1.722500000000000000e+02
1.742500000000000000e+02
1.742500000000000000e+02
1.745000000000000000e+02
1.737500000000000000e+02
1.737500000000000000e+02
1.745000000000000000e+02
1.740000000000000000e+02
1.745000000000000000e+02
1.745000000000000000e+02
1.745000000000000000e+02
1.742500000000000000e+02
1.755000000000000000e+02
1.755000000000000000e+02
1.732500000000000000e+02
1.742500000000000000e+02
1.742500000000000000e+02
1.750000000000000000e+02
1.750000000000000000e+02
1.742500000000000000e+02
1.742500000000000000e+02
1.750000000000000000e+02
1.752500000000000000e+02
1.750000000000000000e+02
1.750000000000000000e+02
1.752500000000000000e+02
1.757500000000000000e+02
1.757500000000000000e+02
1.760000000000000000e+02
1.765000000000000000e+02
1.757500000000000000e+02
1.757500000000000000e+02
1.762500000000000000e+02
1.755000000000000000e+02
1.750000000000000000e+02
1.750000000000000000e+02
1.755000000000000000e+02
1.745000000000000000e+02
1.750000000000000000e+02
1.750000000000000000e+02
1.755000000000000000e+02
1.757500000000000000e+02
1.757500000000000000e+02
1.757500000000000000e+02
1.750000000000000000e+02
1.762500000000000000e+02
1.762500000000000000e+02
1.757500000000000000e+02
1.750000000000000000e+02
1.745000000000000000e+02
1.745000000000000000e+02
1.752500000000000000e+02
1.757500000000000000e+02
1.757500000000000000e+02
1.745000000000000000e+02
1.750000000000000000e+02
1.755000000000000000e+02
1.755000000000000000e+02
1.757500000000000000e+02
1.760000000000000000e+02
1.765000000000000000e+02
1.765000000000000000e+02
1.755000000000000000e+02
1.760000000000000000e+02
1.757500000000000000e+02
1.757500000000000000e+02
1.752500000000000000e+02
1.755000000000000000e+02
1.755000000000000000e+02
1.742500000000000000e+02
1.767500000000000000e+02
1.742500000000000000e+02
1.742500000000000000e+02
1.757500000000000000e+02
1.762500000000000000e+02
1.760000000000000000e+02
1.760000000000000000e+02
1.750000000000000000e+02
1.775000000000000000e+02
1.775000000000000000e+02
1.745000000000000000e+02
1.747500000000000000e+02
1.760000000000000000e+02
1.760000000000000000e+02
1.755000000000000000e+02
1.760000000000000000e+02
1.762500000000000000e+02
1.762500000000000000e+02
1.737500000000000000e+02
1.755000000000000000e+02
1.750000000000000000e+02
1.750000000000000000e+02
1.750000000000000000e+02
1.755000000000000000e+02
1.755000000000000000e+02
1.755000000000000000e+02
1.750000000000000000e+02
1.760000000000000000e+02
1.760000000000000000e+02
1.742500000000000000e+02
1.757500000000000000e+02
1.745000000000000000e+02
1.745000000000000000e+02
1.737500000000000000e+02
1.737500000000000000e+02
1.737500000000000000e+02
1.742500000000000000e+02
1.735000000000000000e+02
1.735000000000000000e+02
1.735000000000000000e+02
1.745000000000000000e+02
1.732500000000000000e+02
1.737500000000000000e+02
1.737500000000000000e+02
1.722500000000000000e+02
1.732500000000000000e+02
1.732500000000000000e+02
1.730000000000000000e+02
1.740000000000000000e+02
1.732500000000000000e+02
1.732500000000000000e+02
1.712500000000000000e+02
1.730000000000000000e+02
1.730000000000000000e+02
1.735000000000000000e+02
1.727500000000000000e+02
1.730000000000000000e+02
1.730000000000000000e+02
1.690000000000000000e+02
1.717500000000000000e+02
1.717500000000000000e+02
1.722500000000000000e+02
1.705000000000000000e+02
1.702500000000000000e+02
1.702500000000000000e+02
1.700000000000000000e+02
1.702500000000000000e+02
1.702500000000000000e+02
1.690000000000000000e+02
1.692500000000000000e+02
1.705000000000000000e+02
1.705000000000000000e+02
1.697500000000000000e+02
1.710000000000000000e+02
1.710000000000000000e+02
1.707500000000000000e+02
1.710000000000000000e+02
1.710000000000000000e+02
1.712500000000000000e+02
1.717500000000000000e+02
1.712500000000000000e+02
1.712500000000000000e+02
1.710000000000000000e+02
1.732500000000000000e+02
1.732500000000000000e+02
1.732500000000000000e+02
1.735000000000000000e+02
1.737500000000000000e+02
1.737500000000000000e+02
1.737500000000000000e+02
1.732500000000000000e+02
1.742500000000000000e+02
1.742500000000000000e+02
1.742500000000000000e+02
1.747500000000000000e+02
1.747500000000000000e+02
1.742500000000000000e+02
1.737500000000000000e+02
1.735000000000000000e+02
1.735000000000000000e+02
1.732500000000000000e+02
1.725000000000000000e+02
1.732500000000000000e+02
1.732500000000000000e+02
1.740000000000000000e+02
1.740000000000000000e+02
1.740000000000000000e+02
1.735000000000000000e+02
1.747500000000000000e+02
1.752500000000000000e+02
1.752500000000000000e+02
1.757500000000000000e+02
1.755000000000000000e+02
1.745000000000000000e+02
1.745000000000000000e+02
1.755000000000000000e+02
1.762500000000000000e+02
1.765000000000000000e+02
1.765000000000000000e+02
1.755000000000000000e+02
1.767500000000000000e+02
1.767500000000000000e+02
1.752500000000000000e+02
1.767500000000000000e+02
1.757500000000000000e+02
1.757500000000000000e+02
1.760000000000000000e+02
1.750000000000000000e+02
1.765000000000000000e+02
1.765000000000000000e+02
1.757500000000000000e+02
1.765000000000000000e+02
1.765000000000000000e+02
1.755000000000000000e+02
1.757500000000000000e+02
1.742500000000000000e+02
1.742500000000000000e+02
1.770000000000000000e+02
1.757500000000000000e+02
1.750000000000000000e+02
1.750000000000000000e+02
1.740000000000000000e+02
1.737500000000000000e+02
1.750000000000000000e+02
1.750000000000000000e+02
1.752500000000000000e+02
1.757500000000000000e+02
1.757500000000000000e+02
1.745000000000000000e+02
1.755000000000000000e+02
1.760000000000000000e+02
1.760000000000000000e+02
1.740000000000000000e+02
1.727500000000000000e+02
1.735000000000000000e+02
1.735000000000000000e+02
1.752500000000000000e+02
1.735000000000000000e+02
1.735000000000000000e+02
1.740000000000000000e+02
1.740000000000000000e+02
1.757500000000000000e+02
1.757500000000000000e+02
1.757500000000000000e+02
1.762500000000000000e+02
1.750000000000000000e+02
1.750000000000000000e+02
1.767500000000000000e+02
1.757500000000000000e+02
1.757500000000000000e+02
1.762500000000000000e+02
1.767500000000000000e+02
1.772500000000000000e+02
1.772500000000000000e+02
1.782500000000000000e+02
1.785000000000000000e+02
1.782500000000000000e+02
1.782500000000000000e+02
1.782500000000000000e+02
1.785000000000000000e+02
1.787500000000000000e+02
1.787500000000000000e+02
1.797500000000000000e+02
1.800000000000000000e+02
1.815000000000000000e+02
1.815000000000000000e+02
1.767500000000000000e+02
1.790000000000000000e+02
1.800000000000000000e+02
1.800000000000000000e+02
1.785000000000000000e+02
1.802500000000000000e+02
1.792500000000000000e+02
1.792500000000000000e+02
1.800000000000000000e+02
1.817500000000000000e+02
1.772500000000000000e+02
1.772500000000000000e+02
1.795000000000000000e+02
1.797500000000000000e+02
1.795000000000000000e+02
1.795000000000000000e+02
1.805000000000000000e+02
1.790000000000000000e+02
1.790000000000000000e+02
1.790000000000000000e+02
1.810000000000000000e+02
1.807500000000000000e+02
1.797500000000000000e+02
1.797500000000000000e+02
1.800000000000000000e+02
1.795000000000000000e+02
1.795000000000000000e+02
1.795000000000000000e+02
1.802500000000000000e+02
1.802500000000000000e+02
1.807500000000000000e+02
1.807500000000000000e+02
1.795000000000000000e+02
1.832500000000000000e+02
1.780000000000000000e+02
1.780000000000000000e+02
1.807500000000000000e+02
1.805000000000000000e+02
1.800000000000000000e+02
1.800000000000000000e+02
1.810000000000000000e+02
1.810000000000000000e+02
1.812500000000000000e+02
1.812500000000000000e+02
1.815000000000000000e+02
1.815000000000000000e+02
1.810000000000000000e+02
1.810000000000000000e+02
1.802500000000000000e+02
1.810000000000000000e+02
1.810000000000000000e+02
1.810000000000000000e+02
1.805000000000000000e+02
1.820000000000000000e+02
1.802500000000000000e+02
1.802500000000000000e+02
1.807500000000000000e+02
1.810000000000000000e+02
1.805000000000000000e+02
1.805000000000000000e+02
1.810000000000000000e+02
1.812500000000000000e+02
1.812500000000000000e+02
1.812500000000000000e+02
1.805000000000000000e+02
1.807500000000000000e+02
1.810000000000000000e+02
1.810000000000000000e+02
1.812500000000000000e+02
1.817500000000000000e+02
1.805000000000000000e+02
1.807500000000000000e+02
1.807500000000000000e+02
1.812500000000000000e+02
1.812500000000000000e+02
1.812500000000000000e+02
1.812500000000000000e+02
1.817500000000000000e+02
1.805000000000000000e+02
1.820000000000000000e+02
1.820000000000000000e+02
1.835000000000000000e+02
1.792500000000000000e+02
1.792500000000000000e+02
1.815000000000000000e+02
1.815000000000000000e+02
1.807500000000000000e+02
1.812500000000000000e+02
1.812500000000000000e+02
1.817500000000000000e+02
1.805000000000000000e+02
1.817500000000000000e+02
1.817500000000000000e+02
1.802500000000000000e+02
1.810000000000000000e+02
1.817500000000000000e+02
1.817500000000000000e+02
1.812500000000000000e+02
1.815000000000000000e+02
1.817500000000000000e+02
1.817500000000000000e+02
1.805000000000000000e+02
1.825000000000000000e+02
1.810000000000000000e+02
1.810000000000000000e+02
1.832500000000000000e+02
1.797500000000000000e+02
1.820000000000000000e+02
1.820000000000000000e+02
1.815000000000000000e+02
1.820000000000000000e+02
1.817500000000000000e+02
1.817500000000000000e+02
1.825000000000000000e+02
1.815000000000000000e+02
1.817500000000000000e+02
1.817500000000000000e+02
1.817500000000000000e+02
1.825000000000000000e+02
1.820000000000000000e+02
1.820000000000000000e+02
1.820000000000000000e+02
1.810000000000000000e+02
1.822500000000000000e+02
1.817500000000000000e+02
1.817500000000000000e+02
1.820000000000000000e+02
1.820000000000000000e+02
1.822500000000000000e+02
1.822500000000000000e+02
1.822500000000000000e+02
1.817500000000000000e+02
1.817500000000000000e+02
1.817500000000000000e+02
1.825000000000000000e+02
1.820000000000000000e+02
1.812500000000000000e+02
1.812500000000000000e+02
1.817500000000000000e+02
1.807500000000000000e+02
1.822500000000000000e+02
1.822500000000000000e+02
1.817500000000000000e+02
1.815000000000000000e+02
1.815000000000000000e+02
1.817500000000000000e+02
1.817500000000000000e+02
1.810000000000000000e+02
1.810000000000000000e+02
1.817500000000000000e+02
1.817500000000000000e+02
1.815000000000000000e+02
1.807500000000000000e+02
1.817500000000000000e+02
1.817500000000000000e+02
1.815000000000000000e+02
1.815000000000000000e+02
1.820000000000000000e+02
1.820000000000000000e+02
1.817500000000000000e+02
1.817500000000000000e+02
1.815000000000000000e+02
1.815000000000000000e+02
1.820000000000000000e+02
1.820000000000000000e+02
1.820000000000000000e+02
1.820000000000000000e+02
1.810000000000000000e+02
1.817500000000000000e+02
1.815000000000000000e+02
1.815000000000000000e+02
1.817500000000000000e+02
1.817500000000000000e+02
1.817500000000000000e+02
1.817500000000000000e+02
1.817500000000000000e+02
1.817500000000000000e+02
1.807500000000000000e+02
1.807500000000000000e+02
1.825000000000000000e+02
1.822500000000000000e+02
1.817500000000000000e+02
1.820000000000000000e+02
1.820000000000000000e+02
1.822500000000000000e+02
1.812500000000000000e+02
1.817500000000000000e+02
1.817500000000000000e+02
1.820000000000000000e+02
1.815000000000000000e+02
1.817500000000000000e+02
1.817500000000000000e+02
1.827500000000000000e+02
1.800000000000000000e+02
1.812500000000000000e+02
1.812500000000000000e+02
1.812500000000000000e+02
1.812500000000000000e+02
1.815000000000000000e+02
1.815000000000000000e+02
1.815000000000000000e+02
1.830000000000000000e+02
1.800000000000000000e+02
1.800000000000000000e+02
1.812500000000000000e+02
1.815000000000000000e+02
1.820000000000000000e+02
1.820000000000000000e+02
1.822500000000000000e+02
1.805000000000000000e+02
1.810000000000000000e+02
1.810000000000000000e+02
1.815000000000000000e+02
1.812500000000000000e+02
1.812500000000000000e+02
1.812500000000000000e+02
1.812500000000000000e+02
1.810000000000000000e+02
1.820000000000000000e+02
1.820000000000000000e+02
1.797500000000000000e+02
1.805000000000000000e+02
1.807500000000000000e+02
1.810000000000000000e+02
1.810000000000000000e+02
1.837500000000000000e+02
1.780000000000000000e+02
1.780000000000000000e+02
1.810000000000000000e+02
1.812500000000000000e+02
1.807500000000000000e+02
1.812500000000000000e+02
1.812500000000000000e+02
1.812500000000000000e+02
1.810000000000000000e+02
1.815000000000000000e+02
1.815000000000000000e+02
1.802500000000000000e+02
1.810000000000000000e+02
1.810000000000000000e+02
1.810000000000000000e+02
1.812500000000000000e+02
1.810000000000000000e+02
1.807500000000000000e+02
1.807500000000000000e+02
1.807500000000000000e+02
1.807500000000000000e+02
1.810000000000000000e+02
1.810000000000000000e+02
1.810000000000000000e+02
1.812500000000000000e+02
1.797500000000000000e+02
1.797500000000000000e+02
1.812500000000000000e+02
1.807500000000000000e+02
1.810000000000000000e+02
1.810000000000000000e+02
1.802500000000000000e+02
1.805000000000000000e+02
1.802500000000000000e+02
1.802500000000000000e+02
1.802500000000000000e+02
1.802500000000000000e+02
1.790000000000000000e+02
1.790000000000000000e+02
1.800000000000000000e+02
1.797500000000000000e+02
1.795000000000000000e+02
1.795000000000000000e+02
1.795000000000000000e+02
1.797500000000000000e+02
1.787500000000000000e+02
1.787500000000000000e+02
1.800000000000000000e+02
1.792500000000000000e+02
1.795000000000000000e+02
1.795000000000000000e+02
1.792500000000000000e+02
1.790000000000000000e+02
1.795000000000000000e+02
1.795000000000000000e+02
1.787500000000000000e+02
1.792500000000000000e+02
1.792500000000000000e+02
1.792500000000000000e+02
1.792500000000000000e+02
1.792500000000000000e+02
1.792500000000000000e+02
1.792500000000000000e+02
1.792500000000000000e+02
1.792500000000000000e+02
1.792500000000000000e+02
1.792500000000000000e+02
1.792500000000000000e+02
1.790000000000000000e+02
1.790000000000000000e+02
1.787500000000000000e+02
1.790000000000000000e+02
1.792500000000000000e+02
1.785000000000000000e+02
1.785000000000000000e+02
1.785000000000000000e+02
1.790000000000000000e+02
1.790000000000000000e+02
1.787500000000000000e+02
1.787500000000000000e+02
1.790000000000000000e+02
1.790000000000000000e+02
1.790000000000000000e+02
1.787500000000000000e+02
1.787500000000000000e+02
1.787500000000000000e+02
1.785000000000000000e+02
1.790000000000000000e+02
1.787500000000000000e+02
1.787500000000000000e+02
1.782500000000000000e+02
1.785000000000000000e+02
1.777500000000000000e+02
1.777500000000000000e+02
1.780000000000000000e+02
1.785000000000000000e+02
1.785000000000000000e+02
1.785000000000000000e+02
1.780000000000000000e+02
1.772500000000000000e+02
1.792500000000000000e+02
1.792500000000000000e+02
1.785000000000000000e+02
1.777500000000000000e+02
1.780000000000000000e+02
1.780000000000000000e+02
1.772500000000000000e+02
1.780000000000000000e+02
1.780000000000000000e+02
1.777500000000000000e+02
1.777500000000000000e+02
1.780000000000000000e+02
1.780000000000000000e+02
1.772500000000000000e+02
1.777500000000000000e+02
1.770000000000000000e+02
1.770000000000000000e+02
1.775000000000000000e+02
1.775000000000000000e+02
1.777500000000000000e+02
1.777500000000000000e+02
1.772500000000000000e+02
1.772500000000000000e+02
1.765000000000000000e+02
1.765000000000000000e+02
1.775000000000000000e+02
1.770000000000000000e+02
1.777500000000000000e+02
1.777500000000000000e+02
1.762500000000000000e+02
1.780000000000000000e+02
1.772500000000000000e+02
1.772500000000000000e+02
1.765000000000000000e+02
1.770000000000000000e+02
1.770000000000000000e+02
1.747500000000000000e+02
1.735000000000000000e+02
1.750000000000000000e+02
1.750000000000000000e+02
1.752500000000000000e+02
1.750000000000000000e+02
1.732500000000000000e+02
1.732500000000000000e+02
1.755000000000000000e+02
1.747500000000000000e+02
1.747500000000000000e+02
1.737500000000000000e+02
1.740000000000000000e+02
1.740000000000000000e+02
1.740000000000000000e+02
1.740000000000000000e+02
1.730000000000000000e+02
1.740000000000000000e+02
1.740000000000000000e+02
1.732500000000000000e+02
1.742500000000000000e+02
1.742500000000000000e+02
1.727500000000000000e+02
1.745000000000000000e+02
1.732500000000000000e+02
1.732500000000000000e+02
1.737500000000000000e+02
1.730000000000000000e+02
1.730000000000000000e+02
1.735000000000000000e+02
1.727500000000000000e+02
1.722500000000000000e+02
1.722500000000000000e+02
1.712500000000000000e+02
1.715000000000000000e+02
1.715000000000000000e+02
1.717500000000000000e+02
1.712500000000000000e+02
1.707500000000000000e+02
1.707500000000000000e+02
1.712500000000000000e+02
1.715000000000000000e+02
1.715000000000000000e+02
1.705000000000000000e+02
1.710000000000000000e+02
1.710000000000000000e+02
1.710000000000000000e+02
1.717500000000000000e+02
1.707500000000000000e+02
1.715000000000000000e+02
1.715000000000000000e+02
1.712500000000000000e+02
1.705000000000000000e+02
1.705000000000000000e+02
1.692500000000000000e+02
1.692500000000000000e+02
1.692500000000000000e+02
1.685000000000000000e+02
1.690000000000000000e+02
1.685000000000000000e+02
1.685000000000000000e+02
1.682500000000000000e+02
1.680000000000000000e+02
1.680000000000000000e+02
1.650000000000000000e+02
1.665000000000000000e+02
1.665000000000000000e+02
1.657500000000000000e+02
1.667500000000000000e+02
1.667500000000000000e+02
1.665000000000000000e+02
1.667500000000000000e+02
1.672500000000000000e+02
1.672500000000000000e+02
1.675000000000000000e+02
1.665000000000000000e+02
1.665000000000000000e+02
1.665000000000000000e+02
1.670000000000000000e+02
1.670000000000000000e+02
1.652500000000000000e+02
1.657500000000000000e+02
1.657500000000000000e+02
1.657500000000000000e+02
1.665000000000000000e+02
1.650000000000000000e+02
1.650000000000000000e+02
1.645000000000000000e+02
1.657500000000000000e+02
1.657500000000000000e+02
1.665000000000000000e+02
1.655000000000000000e+02
1.655000000000000000e+02
1.662500000000000000e+02
1.662500000000000000e+02
1.662500000000000000e+02
1.662500000000000000e+02
1.660000000000000000e+02
1.665000000000000000e+02
1.665000000000000000e+02
1.662500000000000000e+02
1.645000000000000000e+02
1.645000000000000000e+02
1.662500000000000000e+02
1.647500000000000000e+02
1.647500000000000000e+02
1.632500000000000000e+02
1.635000000000000000e+02
1.635000000000000000e+02
1.650000000000000000e+02
1.652500000000000000e+02
1.652500000000000000e+02
1.660000000000000000e+02
1.650000000000000000e+02
1.665000000000000000e+02
1.665000000000000000e+02
1.642500000000000000e+02
1.642500000000000000e+02
1.642500000000000000e+02
1.655000000000000000e+02
1.642500000000000000e+02
1.642500000000000000e+02
1.640000000000000000e+02
1.655000000000000000e+02
1.655000000000000000e+02
1.647500000000000000e+02
1.650000000000000000e+02
1.650000000000000000e+02
1.650000000000000000e+02
1.655000000000000000e+02
1.665000000000000000e+02
1.665000000000000000e+02
1.662500000000000000e+02
1.662500000000000000e+02
1.662500000000000000e+02
1.657500000000000000e+02
1.662500000000000000e+02
1.662500000000000000e+02
1.680000000000000000e+02
1.640000000000000000e+02
1.640000000000000000e+02
1.655000000000000000e+02
1.657500000000000000e+02
1.665000000000000000e+02
1.665000000000000000e+02
1.650000000000000000e+02
1.657500000000000000e+02
1.657500000000000000e+02
1.650000000000000000e+02
1.630000000000000000e+02
1.630000000000000000e+02
1.630000000000000000e+02
1.622500000000000000e+02
1.622500000000000000e+02
1.635000000000000000e+02
1.625000000000000000e+02
1.635000000000000000e+02
1.635000000000000000e+02
1.635000000000000000e+02
1.635000000000000000e+02
1.640000000000000000e+02
1.635000000000000000e+02
1.635000000000000000e+02
1.635000000000000000e+02
1.635000000000000000e+02
1.620000000000000000e+02
1.620000000000000000e+02
1.600000000000000000e+02
1.620000000000000000e+02
1.620000000000000000e+02
1.627500000000000000e+02
1.640000000000000000e+02
1.640000000000000000e+02
1.600000000000000000e+02
1.615000000000000000e+02
1.615000000000000000e+02
1.630000000000000000e+02
1.630000000000000000e+02
1.630000000000000000e+02
1.640000000000000000e+02
1.627500000000000000e+02
1.627500000000000000e+02
1.635000000000000000e+02
1.622500000000000000e+02
1.622500000000000000e+02
1.630000000000000000e+02
1.650000000000000000e+02
1.650000000000000000e+02
1.632500000000000000e+02
1.645000000000000000e+02
1.645000000000000000e+02
1.660000000000000000e+02
1.652500000000000000e+02
1.640000000000000000e+02
1.640000000000000000e+02
1.655000000000000000e+02
1.665000000000000000e+02
1.665000000000000000e+02
1.625000000000000000e+02
1.640000000000000000e+02
1.640000000000000000e+02
1.642500000000000000e+02
1.645000000000000000e+02
1.645000000000000000e+02
1.637500000000000000e+02
1.640000000000000000e+02
1.630000000000000000e+02
1.630000000000000000e+02
1.620000000000000000e+02
1.647500000000000000e+02
1.647500000000000000e+02
1.650000000000000000e+02
1.660000000000000000e+02
1.660000000000000000e+02
1.655000000000000000e+02
1.655000000000000000e+02
1.655000000000000000e+02
1.667500000000000000e+02
1.650000000000000000e+02
1.650000000000000000e+02
1.640000000000000000e+02
1.675000000000000000e+02
1.675000000000000000e+02
1.642500000000000000e+02
1.667500000000000000e+02
1.667500000000000000e+02
1.667500000000000000e+02
1.667500000000000000e+02
1.667500000000000000e+02
1.667500000000000000e+02
1.650000000000000000e+02
1.645000000000000000e+02
1.645000000000000000e+02
1.645000000000000000e+02
1.650000000000000000e+02
1.650000000000000000e+02
1.672500000000000000e+02
1.680000000000000000e+02
1.680000000000000000e+02
1.680000000000000000e+02
1.690000000000000000e+02
1.657500000000000000e+02
1.657500000000000000e+02
1.662500000000000000e+02
1.652500000000000000e+02
1.652500000000000000e+02
1.670000000000000000e+02
1.662500000000000000e+02
1.672500000000000000e+02
1.672500000000000000e+02
1.682500000000000000e+02
1.640000000000000000e+02
1.640000000000000000e+02
1.672500000000000000e+02
1.657500000000000000e+02
1.657500000000000000e+02
1.665000000000000000e+02
1.652500000000000000e+02
1.652500000000000000e+02
1.660000000000000000e+02
1.647500000000000000e+02
1.647500000000000000e+02
1.632500000000000000e+02
1.647500000000000000e+02
1.647500000000000000e+02
1.645000000000000000e+02
1.652500000000000000e+02
1.647500000000000000e+02
1.647500000000000000e+02
1.642500000000000000e+02
1.655000000000000000e+02
1.655000000000000000e+02
1.657500000000000000e+02
1.660000000000000000e+02
1.660000000000000000e+02
1.660000000000000000e+02
1.645000000000000000e+02
1.667500000000000000e+02
1.667500000000000000e+02
1.672500000000000000e+02
1.665000000000000000e+02
1.665000000000000000e+02
1.677500000000000000e+02
1.667500000000000000e+02
1.667500000000000000e+02
1.670000000000000000e+02
1.682500000000000000e+02
1.682500000000000000e+02
1.677500000000000000e+02
1.682500000000000000e+02
1.712500000000000000e+02
1.712500000000000000e+02
1.665000000000000000e+02
1.687500000000000000e+02
1.687500000000000000e+02
1.670000000000000000e+02
1.695000000000000000e+02
1.695000000000000000e+02
1.702500000000000000e+02
1.700000000000000000e+02
1.705000000000000000e+02
1.705000000000000000e+02
1.700000000000000000e+02
1.690000000000000000e+02
1.675000000000000000e+02
1.675000000000000000e+02
1.690000000000000000e+02
1.700000000000000000e+02
1.700000000000000000e+02
1.690000000000000000e+02
1.705000000000000000e+02
1.697500000000000000e+02
1.697500000000000000e+02
1.710000000000000000e+02
1.710000000000000000e+02
1.697500000000000000e+02
1.707500000000000000e+02
1.692500000000000000e+02
1.692500000000000000e+02
1.695000000000000000e+02
1.705000000000000000e+02
1.705000000000000000e+02
1.707500000000000000e+02
1.705000000000000000e+02
1.700000000000000000e+02
1.700000000000000000e+02
1.705000000000000000e+02
1.682500000000000000e+02
1.682500000000000000e+02
1.697500000000000000e+02
1.707500000000000000e+02
1.705000000000000000e+02
1.705000000000000000e+02
1.700000000000000000e+02
1.715000000000000000e+02
1.715000000000000000e+02
1.715000000000000000e+02
1.715000000000000000e+02
1.722500000000000000e+02
1.722500000000000000e+02
1.727500000000000000e+02
1.722500000000000000e+02
1.722500000000000000e+02
1.722500000000000000e+02
1.732500000000000000e+02
1.732500000000000000e+02
1.732500000000000000e+02
1.722500000000000000e+02
1.735000000000000000e+02
1.737500000000000000e+02
1.737500000000000000e+02
1.737500000000000000e+02
1.730000000000000000e+02
1.730000000000000000e+02
1.740000000000000000e+02
1.732500000000000000e+02
1.732500000000000000e+02
1.732500000000000000e+02
1.720000000000000000e+02
1.722500000000000000e+02
1.722500000000000000e+02
1.730000000000000000e+02
1.727500000000000000e+02
1.720000000000000000e+02
1.720000000000000000e+02
1.725000000000000000e+02
1.735000000000000000e+02
1.720000000000000000e+02
1.720000000000000000e+02
1.750000000000000000e+02
1.747500000000000000e+02
1.747500000000000000e+02
1.752500000000000000e+02
1.747500000000000000e+02
1.755000000000000000e+02
1.755000000000000000e+02
1.740000000000000000e+02
1.745000000000000000e+02
1.745000000000000000e+02
1.737500000000000000e+02
1.742500000000000000e+02
1.732500000000000000e+02
1.732500000000000000e+02
1.735000000000000000e+02
1.737500000000000000e+02
1.745000000000000000e+02
1.745000000000000000e+02
1.742500000000000000e+02
1.732500000000000000e+02
1.732500000000000000e+02
1.737500000000000000e+02
1.740000000000000000e+02
1.740000000000000000e+02
1.737500000000000000e+02
1.727500000000000000e+02
1.727500000000000000e+02
1.750000000000000000e+02
1.750000000000000000e+02
1.755000000000000000e+02
1.740000000000000000e+02
1.740000000000000000e+02
1.742500000000000000e+02
1.740000000000000000e+02
1.740000000000000000e+02
1.740000000000000000e+02
1.737500000000000000e+02
1.742500000000000000e+02
1.730000000000000000e+02
1.730000000000000000e+02
1.735000000000000000e+02
1.717500000000000000e+02
1.717500000000000000e+02
1.732500000000000000e+02
1.765000000000000000e+02
1.765000000000000000e+02
1.715000000000000000e+02
1.730000000000000000e+02
1.730000000000000000e+02
1.730000000000000000e+02
1.737500000000000000e+02
1.742500000000000000e+02
1.732500000000000000e+02
1.732500000000000000e+02
1.700000000000000000e+02
1.732500000000000000e+02
1.732500000000000000e+02
1.705000000000000000e+02
1.707500000000000000e+02
1.717500000000000000e+02
1.717500000000000000e+02
1.722500000000000000e+02
1.707500000000000000e+02
1.710000000000000000e+02
1.710000000000000000e+02
1.720000000000000000e+02
1.705000000000000000e+02
1.705000000000000000e+02
1.715000000000000000e+02
1.725000000000000000e+02
1.727500000000000000e+02
1.727500000000000000e+02
1.717500000000000000e+02
1.725000000000000000e+02
1.725000000000000000e+02
1.707500000000000000e+02
1.712500000000000000e+02
1.712500000000000000e+02
1.715000000000000000e+02
1.722500000000000000e+02
1.717500000000000000e+02
1.717500000000000000e+02
1.725000000000000000e+02
1.710000000000000000e+02
1.710000000000000000e+02
1.687500000000000000e+02
1.715000000000000000e+02
1.690000000000000000e+02
1.690000000000000000e+02
1.702500000000000000e+02
1.685000000000000000e+02
1.697500000000000000e+02
1.697500000000000000e+02
1.705000000000000000e+02
1.715000000000000000e+02
1.715000000000000000e+02
1.712500000000000000e+02
1.712500000000000000e+02
1.712500000000000000e+02
1.725000000000000000e+02
1.707500000000000000e+02
1.715000000000000000e+02
1.715000000000000000e+02
1.725000000000000000e+02
1.732500000000000000e+02
1.732500000000000000e+02
1.727500000000000000e+02
1.732500000000000000e+02
1.742500000000000000e+02
1.742500000000000000e+02
1.740000000000000000e+02
1.745000000000000000e+02
1.745000000000000000e+02
1.735000000000000000e+02
1.732500000000000000e+02
1.735000000000000000e+02
1.735000000000000000e+02
1.732500000000000000e+02
1.745000000000000000e+02
1.742500000000000000e+02
1.742500000000000000e+02
1.737500000000000000e+02
1.720000000000000000e+02
1.702500000000000000e+02
1.702500000000000000e+02
1.712500000000000000e+02
1.690000000000000000e+02
1.690000000000000000e+02
1.695000000000000000e+02
1.697500000000000000e+02
1.697500000000000000e+02
1.700000000000000000e+02
1.697500000000000000e+02
1.702500000000000000e+02
1.702500000000000000e+02
1.685000000000000000e+02
1.705000000000000000e+02
1.705000000000000000e+02
1.692500000000000000e+02
1.697500000000000000e+02
1.697500000000000000e+02
1.700000000000000000e+02
1.670000000000000000e+02
1.670000000000000000e+02
1.712500000000000000e+02
1.685000000000000000e+02
1.690000000000000000e+02
1.690000000000000000e+02
1.697500000000000000e+02
1.702500000000000000e+02
1.692500000000000000e+02
1.692500000000000000e+02
1.670000000000000000e+02
1.685000000000000000e+02
1.685000000000000000e+02
1.685000000000000000e+02
1.677500000000000000e+02
1.677500000000000000e+02
1.667500000000000000e+02
1.682500000000000000e+02
1.660000000000000000e+02
1.660000000000000000e+02
1.640000000000000000e+02
1.650000000000000000e+02
1.650000000000000000e+02
1.650000000000000000e+02
1.647500000000000000e+02
1.647500000000000000e+02
1.630000000000000000e+02
1.627500000000000000e+02
1.627500000000000000e+02
1.620000000000000000e+02
1.625000000000000000e+02
1.625000000000000000e+02
1.605000000000000000e+02
1.605000000000000000e+02
1.605000000000000000e+02
1.587500000000000000e+02
1.612500000000000000e+02
1.612500000000000000e+02
1.605000000000000000e+02
1.627500000000000000e+02
1.627500000000000000e+02
1.610000000000000000e+02
1.595000000000000000e+02
1.595000000000000000e+02
1.597500000000000000e+02
1.620000000000000000e+02
1.620000000000000000e+02
1.610000000000000000e+02
1.600000000000000000e+02
1.600000000000000000e+02
1.605000000000000000e+02
1.565000000000000000e+02
1.565000000000000000e+02
1.565000000000000000e+02
1.555000000000000000e+02
1.555000000000000000e+02
1.572500000000000000e+02
1.580000000000000000e+02
1.580000000000000000e+02
1.582500000000000000e+02
1.575000000000000000e+02
1.575000000000000000e+02
1.595000000000000000e+02
1.590000000000000000e+02
1.590000000000000000e+02
1.617500000000000000e+02
1.607500000000000000e+02
1.607500000000000000e+02
1.620000000000000000e+02
1.625000000000000000e+02
1.625000000000000000e+02
1.617500000000000000e+02
1.612500000000000000e+02
1.612500000000000000e+02
1.592500000000000000e+02
1.597500000000000000e+02
1.597500000000000000e+02
1.610000000000000000e+02
1.597500000000000000e+02
1.597500000000000000e+02
1.612500000000000000e+02
1.590000000000000000e+02
1.590000000000000000e+02
1.577500000000000000e+02
1.560000000000000000e+02
1.560000000000000000e+02
1.570000000000000000e+02
1.582500000000000000e+02
1.582500000000000000e+02
1.567500000000000000e+02
1.570000000000000000e+02
1.570000000000000000e+02
1.557500000000000000e+02
1.557500000000000000e+02
1.577500000000000000e+02
1.595000000000000000e+02
1.595000000000000000e+02
1.555000000000000000e+02
1.580000000000000000e+02
1.580000000000000000e+02
1.522500000000000000e+02
1.525000000000000000e+02
1.525000000000000000e+02
1.517500000000000000e+02
1.542500000000000000e+02
1.542500000000000000e+02
1.507500000000000000e+02
1.542500000000000000e+02
1.542500000000000000e+02
1.527500000000000000e+02
1.532500000000000000e+02
1.532500000000000000e+02
1.582500000000000000e+02
1.582500000000000000e+02
1.585000000000000000e+02
1.537500000000000000e+02
1.537500000000000000e+02
1.577500000000000000e+02
1.605000000000000000e+02
1.605000000000000000e+02
1.600000000000000000e+02
1.585000000000000000e+02
1.585000000000000000e+02
1.622500000000000000e+02
1.610000000000000000e+02
1.610000000000000000e+02
1.622500000000000000e+02
1.622500000000000000e+02
1.622500000000000000e+02
1.652500000000000000e+02
1.607500000000000000e+02
1.607500000000000000e+02
1.605000000000000000e+02
1.642500000000000000e+02
1.642500000000000000e+02
1.620000000000000000e+02
1.595000000000000000e+02
1.595000000000000000e+02
1.625000000000000000e+02
1.605000000000000000e+02
1.617500000000000000e+02
1.617500000000000000e+02
1.605000000000000000e+02
1.602500000000000000e+02
1.602500000000000000e+02
1.610000000000000000e+02
1.615000000000000000e+02
1.615000000000000000e+02
1.615000000000000000e+02
1.595000000000000000e+02
1.595000000000000000e+02
1.612500000000000000e+02
1.640000000000000000e+02
1.640000000000000000e+02
1.625000000000000000e+02
1.590000000000000000e+02
1.590000000000000000e+02
1.585000000000000000e+02
1.610000000000000000e+02
1.610000000000000000e+02
1.610000000000000000e+02
1.632500000000000000e+02
1.632500000000000000e+02
1.635000000000000000e+02
1.635000000000000000e+02
1.642500000000000000e+02
1.645000000000000000e+02
1.637500000000000000e+02
1.637500000000000000e+02
1.647500000000000000e+02
1.672500000000000000e+02
1.672500000000000000e+02
1.657500000000000000e+02
1.665000000000000000e+02
1.682500000000000000e+02
1.682500000000000000e+02
1.700000000000000000e+02
1.695000000000000000e+02
1.695000000000000000e+02
1.665000000000000000e+02
1.685000000000000000e+02
1.685000000000000000e+02
1.682500000000000000e+02
1.690000000000000000e+02
1.672500000000000000e+02
1.672500000000000000e+02
1.677500000000000000e+02
1.707500000000000000e+02
1.707500000000000000e+02
1.682500000000000000e+02
1.685000000000000000e+02
1.685000000000000000e+02
1.687500000000000000e+02
1.705000000000000000e+02
1.702500000000000000e+02
1.702500000000000000e+02
1.702500000000000000e+02
1.700000000000000000e+02
1.700000000000000000e+02
1.712500000000000000e+02
1.702500000000000000e+02
1.707500000000000000e+02
1.707500000000000000e+02
1.682500000000000000e+02
1.675000000000000000e+02
1.675000000000000000e+02
1.695000000000000000e+02
1.692500000000000000e+02
1.702500000000000000e+02
1.702500000000000000e+02
1.697500000000000000e+02
1.715000000000000000e+02
1.715000000000000000e+02
1.685000000000000000e+02
1.695000000000000000e+02
1.685000000000000000e+02
1.685000000000000000e+02
1.697500000000000000e+02
1.707500000000000000e+02
1.707500000000000000e+02
1.730000000000000000e+02
1.705000000000000000e+02
1.705000000000000000e+02
1.717500000000000000e+02
1.692500000000000000e+02
1.715000000000000000e+02
1.715000000000000000e+02
1.722500000000000000e+02
1.735000000000000000e+02
1.735000000000000000e+02
1.707500000000000000e+02
1.702500000000000000e+02
1.700000000000000000e+02
1.700000000000000000e+02
1.720000000000000000e+02
1.737500000000000000e+02
1.727500000000000000e+02
1.727500000000000000e+02
1.740000000000000000e+02
1.717500000000000000e+02
1.717500000000000000e+02
1.725000000000000000e+02
1.725000000000000000e+02
1.655000000000000000e+02
1.655000000000000000e+02
1.655000000000000000e+02
1.680000000000000000e+02
1.680000000000000000e+02
1.697500000000000000e+02
1.697500000000000000e+02
1.697500000000000000e+02
1.705000000000000000e+02
1.710000000000000000e+02
1.720000000000000000e+02
1.720000000000000000e+02
1.702500000000000000e+02
1.725000000000000000e+02
1.725000000000000000e+02
1.725000000000000000e+02
1.735000000000000000e+02
1.735000000000000000e+02
1.752500000000000000e+02
1.727500000000000000e+02
1.727500000000000000e+02
1.727500000000000000e+02
1.730000000000000000e+02
1.752500000000000000e+02
1.762500000000000000e+02
1.762500000000000000e+02
1.757500000000000000e+02
1.757500000000000000e+02
1.755000000000000000e+02
1.755000000000000000e+02
1.755000000000000000e+02
1.765000000000000000e+02
1.760000000000000000e+02
1.760000000000000000e+02
1.760000000000000000e+02
1.770000000000000000e+02
1.770000000000000000e+02
1.742500000000000000e+02
1.757500000000000000e+02
1.767500000000000000e+02
1.767500000000000000e+02
1.765000000000000000e+02
1.792500000000000000e+02
1.747500000000000000e+02
1.747500000000000000e+02
1.762500000000000000e+02
1.770000000000000000e+02
1.770000000000000000e+02
1.767500000000000000e+02
1.760000000000000000e+02
1.752500000000000000e+02
1.752500000000000000e+02
1.765000000000000000e+02
1.762500000000000000e+02
1.770000000000000000e+02
1.770000000000000000e+02
1.765000000000000000e+02
1.767500000000000000e+02
1.760000000000000000e+02
1.760000000000000000e+02
1.762500000000000000e+02
1.762500000000000000e+02
1.750000000000000000e+02
1.750000000000000000e+02
1.770000000000000000e+02
1.772500000000000000e+02
1.775000000000000000e+02
1.775000000000000000e+02
1.772500000000000000e+02
1.765000000000000000e+02
1.765000000000000000e+02
1.747500000000000000e+02
1.762500000000000000e+02
1.770000000000000000e+02
1.770000000000000000e+02
1.762500000000000000e+02
1.762500000000000000e+02
1.762500000000000000e+02
1.762500000000000000e+02
1.750000000000000000e+02
1.757500000000000000e+02
1.757500000000000000e+02
1.767500000000000000e+02
1.770000000000000000e+02
1.765000000000000000e+02
1.760000000000000000e+02
1.760000000000000000e+02
1.775000000000000000e+02
1.770000000000000000e+02
1.770000000000000000e+02
1.777500000000000000e+02
1.785000000000000000e+02
1.780000000000000000e+02
1.780000000000000000e+02
1.810000000000000000e+02
1.747500000000000000e+02
1.777500000000000000e+02
1.777500000000000000e+02
1.772500000000000000e+02
1.785000000000000000e+02
1.775000000000000000e+02
1.775000000000000000e+02
1.777500000000000000e+02
1.762500000000000000e+02
1.762500000000000000e+02
1.762500000000000000e+02
1.772500000000000000e+02
1.780000000000000000e+02
1.780000000000000000e+02
1.785000000000000000e+02
1.785000000000000000e+02
1.777500000000000000e+02
1.777500000000000000e+02
1.785000000000000000e+02
1.787500000000000000e+02
1.787500000000000000e+02
1.787500000000000000e+02
1.805000000000000000e+02
1.752500000000000000e+02
1.775000000000000000e+02
1.775000000000000000e+02
1.780000000000000000e+02
1.787500000000000000e+02
1.785000000000000000e+02
1.785000000000000000e+02
1.772500000000000000e+02
1.790000000000000000e+02
1.787500000000000000e+02
1.787500000000000000e+02
1.792500000000000000e+02
1.787500000000000000e+02
1.777500000000000000e+02
1.777500000000000000e+02
1.787500000000000000e+02
1.782500000000000000e+02
1.775000000000000000e+02
1.775000000000000000e+02
1.775000000000000000e+02
1.777500000000000000e+02
1.777500000000000000e+02
1.760000000000000000e+02
1.775000000000000000e+02
1.772500000000000000e+02
1.772500000000000000e+02
1.775000000000000000e+02
1.782500000000000000e+02
1.782500000000000000e+02
1.782500000000000000e+02
1.785000000000000000e+02
1.792500000000000000e+02
1.802500000000000000e+02
1.802500000000000000e+02
1.792500000000000000e+02
1.790000000000000000e+02
1.802500000000000000e+02
1.802500000000000000e+02
1.802500000000000000e+02
1.792500000000000000e+02
1.797500000000000000e+02
1.797500000000000000e+02
1.797500000000000000e+02
1.802500000000000000e+02
1.797500000000000000e+02
1.797500000000000000e+02
1.797500000000000000e+02
1.805000000000000000e+02
1.777500000000000000e+02
1.777500000000000000e+02
1.800000000000000000e+02
1.800000000000000000e+02
1.795000000000000000e+02
1.795000000000000000e+02
1.780000000000000000e+02
1.772500000000000000e+02
1.797500000000000000e+02
1.797500000000000000e+02
1.790000000000000000e+02
1.787500000000000000e+02
1.795000000000000000e+02
1.795000000000000000e+02
1.792500000000000000e+02
1.782500000000000000e+02
1.787500000000000000e+02
1.787500000000000000e+02
1.787500000000000000e+02
1.800000000000000000e+02
1.790000000000000000e+02
1.790000000000000000e+02
1.797500000000000000e+02
1.790000000000000000e+02
1.782500000000000000e+02
1.782500000000000000e+02
1.782500000000000000e+02
1.790000000000000000e+02
1.777500000000000000e+02
1.777500000000000000e+02
1.782500000000000000e+02
1.782500000000000000e+02
1.782500000000000000e+02
1.782500000000000000e+02
1.782500000000000000e+02
1.780000000000000000e+02
1.780000000000000000e+02
1.787500000000000000e+02
1.780000000000000000e+02
1.790000000000000000e+02
1.790000000000000000e+02
1.795000000000000000e+02
1.772500000000000000e+02
1.787500000000000000e+02
1.787500000000000000e+02
1.790000000000000000e+02
1.785000000000000000e+02
1.792500000000000000e+02
1.792500000000000000e+02
1.780000000000000000e+02
1.787500000000000000e+02
1.787500000000000000e+02
1.787500000000000000e+02
1.787500000000000000e+02
1.790000000000000000e+02
1.785000000000000000e+02
1.785000000000000000e+02
1.787500000000000000e+02
1.795000000000000000e+02
1.815000000000000000e+02
1.815000000000000000e+02
1.765000000000000000e+02
1.790000000000000000e+02
1.792500000000000000e+02
1.792500000000000000e+02
1.795000000000000000e+02
1.792500000000000000e+02
1.790000000000000000e+02
1.790000000000000000e+02
1.787500000000000000e+02
1.790000000000000000e+02
1.790000000000000000e+02
1.787500000000000000e+02
1.780000000000000000e+02
1.785000000000000000e+02
1.785000000000000000e+02
1.787500000000000000e+02
1.790000000000000000e+02
1.785000000000000000e+02
1.787500000000000000e+02
1.787500000000000000e+02
1.782500000000000000e+02
1.785000000000000000e+02
1.785000000000000000e+02
1.817500000000000000e+02
1.757500000000000000e+02
1.785000000000000000e+02
1.785000000000000000e+02
1.787500000000000000e+02
1.782500000000000000e+02
1.775000000000000000e+02
1.775000000000000000e+02
1.797500000000000000e+02
1.780000000000000000e+02
1.780000000000000000e+02
1.780000000000000000e+02
1.782500000000000000e+02
1.790000000000000000e+02
1.780000000000000000e+02
1.780000000000000000e+02
1.792500000000000000e+02
1.775000000000000000e+02
1.775000000000000000e+02
1.780000000000000000e+02
1.782500000000000000e+02
1.777500000000000000e+02
1.780000000000000000e+02
1.780000000000000000e+02
1.777500000000000000e+02
1.777500000000000000e+02
1.777500000000000000e+02
1.777500000000000000e+02
1.770000000000000000e+02
1.775000000000000000e+02
1.775000000000000000e+02
1.762500000000000000e+02
1.787500000000000000e+02
1.780000000000000000e+02
1.780000000000000000e+02
1.772500000000000000e+02
1.780000000000000000e+02
1.765000000000000000e+02
1.765000000000000000e+02
1.775000000000000000e+02
1.775000000000000000e+02
1.772500000000000000e+02
1.772500000000000000e+02
1.772500000000000000e+02
1.775000000000000000e+02
1.772500000000000000e+02
1.772500000000000000e+02
1.767500000000000000e+02
1.772500000000000000e+02
1.777500000000000000e+02
1.777500000000000000e+02
1.765000000000000000e+02
1.775000000000000000e+02
1.775000000000000000e+02
1.775000000000000000e+02
1.767500000000000000e+02
1.762500000000000000e+02
1.762500000000000000e+02
1.767500000000000000e+02
1.772500000000000000e+02
1.765000000000000000e+02
1.765000000000000000e+02
1.760000000000000000e+02
1.767500000000000000e+02
1.760000000000000000e+02
1.760000000000000000e+02
1.757500000000000000e+02
1.757500000000000000e+02
1.760000000000000000e+02
1.760000000000000000e+02
1.757500000000000000e+02
1.755000000000000000e+02
1.755000000000000000e+02
1.762500000000000000e+02
1.752500000000000000e+02
1.762500000000000000e+02
1.762500000000000000e+02
1.747500000000000000e+02
1.752500000000000000e+02
1.745000000000000000e+02
1.745000000000000000e+02
1.747500000000000000e+02
1.752500000000000000e+02
1.752500000000000000e+02
1.750000000000000000e+02
1.747500000000000000e+02
1.750000000000000000e+02
1.750000000000000000e+02
1.742500000000000000e+02
1.735000000000000000e+02
1.735000000000000000e+02
1.737500000000000000e+02
1.742500000000000000e+02
1.730000000000000000e+02
1.730000000000000000e+02
1.745000000000000000e+02
1.717500000000000000e+02
1.712500000000000000e+02
1.712500000000000000e+02
1.717500000000000000e+02
1.720000000000000000e+02
1.720000000000000000e+02
1.722500000000000000e+02
1.720000000000000000e+02
1.740000000000000000e+02
1.740000000000000000e+02
1.685000000000000000e+02
1.690000000000000000e+02
1.690000000000000000e+02
1.685000000000000000e+02
1.690000000000000000e+02
1.685000000000000000e+02
1.685000000000000000e+02
1.687500000000000000e+02
1.675000000000000000e+02
1.675000000000000000e+02
1.670000000000000000e+02
1.675000000000000000e+02
1.675000000000000000e+02
1.680000000000000000e+02
1.680000000000000000e+02
1.680000000000000000e+02
1.680000000000000000e+02
1.682500000000000000e+02
1.675000000000000000e+02
1.675000000000000000e+02
1.675000000000000000e+02
1.685000000000000000e+02
1.685000000000000000e+02
1.677500000000000000e+02
1.675000000000000000e+02
1.667500000000000000e+02
1.667500000000000000e+02
1.677500000000000000e+02
1.667500000000000000e+02
1.667500000000000000e+02
1.667500000000000000e+02
1.650000000000000000e+02
1.650000000000000000e+02
1.640000000000000000e+02
1.630000000000000000e+02
1.630000000000000000e+02
1.655000000000000000e+02
1.627500000000000000e+02
1.627500000000000000e+02
1.637500000000000000e+02
1.630000000000000000e+02
1.630000000000000000e+02
1.622500000000000000e+02
1.637500000000000000e+02
1.625000000000000000e+02
1.625000000000000000e+02
1.627500000000000000e+02
1.625000000000000000e+02
1.625000000000000000e+02
1.632500000000000000e+02
1.632500000000000000e+02
1.610000000000000000e+02
1.615000000000000000e+02
1.605000000000000000e+02
1.605000000000000000e+02
1.557500000000000000e+02
1.545000000000000000e+02
1.545000000000000000e+02
1.557500000000000000e+02
1.565000000000000000e+02
1.565000000000000000e+02
1.587500000000000000e+02
1.587500000000000000e+02
1.600000000000000000e+02
1.617500000000000000e+02
1.612500000000000000e+02
1.612500000000000000e+02
1.622500000000000000e+02
1.622500000000000000e+02
1.622500000000000000e+02
1.622500000000000000e+02
1.632500000000000000e+02
1.632500000000000000e+02
1.622500000000000000e+02
1.615000000000000000e+02
1.615000000000000000e+02
1.632500000000000000e+02
1.637500000000000000e+02
1.637500000000000000e+02
1.622500000000000000e+02
1.612500000000000000e+02
1.612500000000000000e+02
1.617500000000000000e+02
1.645000000000000000e+02
1.645000000000000000e+02
1.625000000000000000e+02
1.645000000000000000e+02
1.645000000000000000e+02
1.645000000000000000e+02
1.640000000000000000e+02
1.640000000000000000e+02
1.630000000000000000e+02
1.630000000000000000e+02
1.630000000000000000e+02
1.632500000000000000e+02
1.612500000000000000e+02
1.625000000000000000e+02
1.625000000000000000e+02
1.627500000000000000e+02
1.630000000000000000e+02
1.630000000000000000e+02
1.637500000000000000e+02
1.640000000000000000e+02
1.640000000000000000e+02
1.632500000000000000e+02
1.632500000000000000e+02
1.632500000000000000e+02
1.625000000000000000e+02
1.612500000000000000e+02
1.612500000000000000e+02
1.607500000000000000e+02
1.595000000000000000e+02
1.595000000000000000e+02
1.595000000000000000e+02
1.600000000000000000e+02
1.600000000000000000e+02
1.615000000000000000e+02
1.612500000000000000e+02
1.612500000000000000e+02
1.617500000000000000e+02
1.620000000000000000e+02
1.620000000000000000e+02
1.632500000000000000e+02
1.637500000000000000e+02
1.637500000000000000e+02
1.635000000000000000e+02
1.632500000000000000e+02
1.632500000000000000e+02
1.637500000000000000e+02
1.640000000000000000e+02
1.640000000000000000e+02
1.652500000000000000e+02
1.660000000000000000e+02
1.660000000000000000e+02
1.662500000000000000e+02
1.632500000000000000e+02
1.612500000000000000e+02
1.612500000000000000e+02
1.642500000000000000e+02
1.645000000000000000e+02
1.645000000000000000e+02
1.635000000000000000e+02
1.637500000000000000e+02
1.637500000000000000e+02
1.630000000000000000e+02
1.657500000000000000e+02
1.657500000000000000e+02
1.647500000000000000e+02
1.632500000000000000e+02
1.627500000000000000e+02
1.627500000000000000e+02
1.637500000000000000e+02
1.655000000000000000e+02
1.655000000000000000e+02
1.660000000000000000e+02
1.667500000000000000e+02
1.667500000000000000e+02
1.652500000000000000e+02
1.650000000000000000e+02
1.650000000000000000e+02
1.652500000000000000e+02
1.645000000000000000e+02
1.645000000000000000e+02
1.655000000000000000e+02
1.640000000000000000e+02
1.660000000000000000e+02
1.660000000000000000e+02
1.650000000000000000e+02
1.672500000000000000e+02
1.672500000000000000e+02
1.660000000000000000e+02
1.667500000000000000e+02
1.667500000000000000e+02
1.682500000000000000e+02
1.687500000000000000e+02
1.687500000000000000e+02
1.685000000000000000e+02
1.672500000000000000e+02
1.675000000000000000e+02
1.675000000000000000e+02
1.670000000000000000e+02
1.685000000000000000e+02
1.685000000000000000e+02
1.680000000000000000e+02
1.682500000000000000e+02
1.682500000000000000e+02
1.692500000000000000e+02
1.675000000000000000e+02
1.680000000000000000e+02
1.680000000000000000e+02
1.675000000000000000e+02
1.680000000000000000e+02
1.680000000000000000e+02
1.695000000000000000e+02
1.697500000000000000e+02
1.697500000000000000e+02
1.690000000000000000e+02
1.677500000000000000e+02
1.675000000000000000e+02
1.675000000000000000e+02
1.670000000000000000e+02
1.680000000000000000e+02
1.680000000000000000e+02
1.672500000000000000e+02
1.685000000000000000e+02
1.685000000000000000e+02
1.675000000000000000e+02
1.685000000000000000e+02
1.675000000000000000e+02
1.675000000000000000e+02
1.695000000000000000e+02
1.715000000000000000e+02
1.715000000000000000e+02
1.682500000000000000e+02
1.702500000000000000e+02
1.702500000000000000e+02
1.702500000000000000e+02
1.692500000000000000e+02
1.705000000000000000e+02
1.705000000000000000e+02
1.697500000000000000e+02
1.697500000000000000e+02
1.697500000000000000e+02
1.687500000000000000e+02
1.695000000000000000e+02
1.705000000000000000e+02
1.705000000000000000e+02
1.702500000000000000e+02
1.692500000000000000e+02
1.692500000000000000e+02
1.692500000000000000e+02
1.695000000000000000e+02
1.695000000000000000e+02
1.700000000000000000e+02
1.692500000000000000e+02
1.712500000000000000e+02
1.712500000000000000e+02
1.722500000000000000e+02
1.722500000000000000e+02
1.715000000000000000e+02
1.715000000000000000e+02
1.727500000000000000e+02
1.727500000000000000e+02
1.727500000000000000e+02
1.715000000000000000e+02
1.722500000000000000e+02
1.712500000000000000e+02
1.712500000000000000e+02
1.712500000000000000e+02
1.725000000000000000e+02
1.725000000000000000e+02
1.702500000000000000e+02
1.705000000000000000e+02
1.702500000000000000e+02
1.702500000000000000e+02
1.710000000000000000e+02
1.720000000000000000e+02
1.720000000000000000e+02
1.725000000000000000e+02
1.725000000000000000e+02
1.715000000000000000e+02
1.715000000000000000e+02
1.720000000000000000e+02
1.732500000000000000e+02
1.732500000000000000e+02
1.720000000000000000e+02
1.717500000000000000e+02
1.717500000000000000e+02
1.717500000000000000e+02
1.720000000000000000e+02
1.705000000000000000e+02
1.705000000000000000e+02
1.720000000000000000e+02
1.707500000000000000e+02
1.715000000000000000e+02
1.715000000000000000e+02
1.720000000000000000e+02
1.715000000000000000e+02
1.715000000000000000e+02
1.697500000000000000e+02
1.727500000000000000e+02
1.720000000000000000e+02
1.720000000000000000e+02
1.730000000000000000e+02
1.737500000000000000e+02
1.737500000000000000e+02
1.737500000000000000e+02
1.730000000000000000e+02
1.735000000000000000e+02
1.735000000000000000e+02
1.725000000000000000e+02
1.717500000000000000e+02
1.730000000000000000e+02
1.730000000000000000e+02
1.715000000000000000e+02
1.730000000000000000e+02
1.730000000000000000e+02
1.732500000000000000e+02
1.737500000000000000e+02
1.722500000000000000e+02
1.722500000000000000e+02
1.735000000000000000e+02
1.737500000000000000e+02
1.737500000000000000e+02
1.735000000000000000e+02
1.742500000000000000e+02
1.730000000000000000e+02
1.730000000000000000e+02
1.737500000000000000e+02
1.737500000000000000e+02
1.747500000000000000e+02
1.747500000000000000e+02
1.740000000000000000e+02
1.732500000000000000e+02
1.732500000000000000e+02
1.742500000000000000e+02
1.747500000000000000e+02
1.747500000000000000e+02
1.747500000000000000e+02
1.755000000000000000e+02
1.752500000000000000e+02
1.755000000000000000e+02
1.755000000000000000e+02
1.745000000000000000e+02
1.747500000000000000e+02
1.747500000000000000e+02
1.745000000000000000e+02
1.755000000000000000e+02
1.755000000000000000e+02
1.755000000000000000e+02
1.762500000000000000e+02
1.737500000000000000e+02
1.750000000000000000e+02
1.750000000000000000e+02
1.747500000000000000e+02
1.750000000000000000e+02
1.750000000000000000e+02
1.750000000000000000e+02
1.747500000000000000e+02
1.765000000000000000e+02
1.765000000000000000e+02
1.760000000000000000e+02
1.765000000000000000e+02
1.767500000000000000e+02
1.767500000000000000e+02
1.760000000000000000e+02
1.762500000000000000e+02
1.760000000000000000e+02
1.760000000000000000e+02
1.782500000000000000e+02
1.775000000000000000e+02
1.777500000000000000e+02
1.777500000000000000e+02
1.777500000000000000e+02
1.777500000000000000e+02
1.777500000000000000e+02
1.785000000000000000e+02
1.772500000000000000e+02
1.787500000000000000e+02
1.787500000000000000e+02
1.772500000000000000e+02
1.777500000000000000e+02
1.770000000000000000e+02
1.770000000000000000e+02
1.762500000000000000e+02
1.767500000000000000e+02
1.765000000000000000e+02
1.765000000000000000e+02
1.752500000000000000e+02
1.765000000000000000e+02
1.765000000000000000e+02
1.760000000000000000e+02
1.762500000000000000e+02
1.760000000000000000e+02
1.760000000000000000e+02
1.755000000000000000e+02
1.785000000000000000e+02
1.740000000000000000e+02
1.740000000000000000e+02
1.742500000000000000e+02
1.745000000000000000e+02
1.745000000000000000e+02
1.745000000000000000e+02
1.742500000000000000e+02
1.750000000000000000e+02
1.757500000000000000e+02
1.757500000000000000e+02
1.750000000000000000e+02
1.737500000000000000e+02
1.737500000000000000e+02
1.737500000000000000e+02
1.732500000000000000e+02
1.745000000000000000e+02
1.745000000000000000e+02
1.727500000000000000e+02
1.737500000000000000e+02
1.737500000000000000e+02
1.737500000000000000e+02
1.722500000000000000e+02
1.730000000000000000e+02
1.730000000000000000e+02
1.722500000000000000e+02
1.722500000000000000e+02
1.722500000000000000e+02
1.740000000000000000e+02
1.735000000000000000e+02
1.745000000000000000e+02
1.745000000000000000e+02
1.742500000000000000e+02
1.740000000000000000e+02
1.735000000000000000e+02
1.735000000000000000e+02
1.730000000000000000e+02
1.757500000000000000e+02
1.757500000000000000e+02
1.742500000000000000e+02
1.747500000000000000e+02
1.742500000000000000e+02
1.742500000000000000e+02
1.755000000000000000e+02
1.750000000000000000e+02
1.747500000000000000e+02
1.747500000000000000e+02
1.745000000000000000e+02
1.740000000000000000e+02
1.740000000000000000e+02
1.717500000000000000e+02
1.702500000000000000e+02
1.710000000000000000e+02
1.710000000000000000e+02
1.690000000000000000e+02
1.700000000000000000e+02
1.700000000000000000e+02
1.702500000000000000e+02
1.717500000000000000e+02
1.715000000000000000e+02
1.715000000000000000e+02
1.717500000000000000e+02
1.730000000000000000e+02
1.730000000000000000e+02
1.730000000000000000e+02
1.737500000000000000e+02
1.732500000000000000e+02
1.732500000000000000e+02
1.742500000000000000e+02
1.757500000000000000e+02
1.722500000000000000e+02
1.722500000000000000e+02
1.742500000000000000e+02
1.727500000000000000e+02
1.727500000000000000e+02
1.740000000000000000e+02
1.735000000000000000e+02
1.725000000000000000e+02
1.725000000000000000e+02
1.742500000000000000e+02
1.730000000000000000e+02
1.730000000000000000e+02
1.732500000000000000e+02
1.727500000000000000e+02
1.710000000000000000e+02
1.710000000000000000e+02
1.720000000000000000e+02
1.730000000000000000e+02
1.720000000000000000e+02
1.720000000000000000e+02
1.722500000000000000e+02
1.717500000000000000e+02
1.717500000000000000e+02
1.710000000000000000e+02
1.710000000000000000e+02
1.710000000000000000e+02
1.725000000000000000e+02
1.712500000000000000e+02
1.715000000000000000e+02
1.715000000000000000e+02
1.715000000000000000e+02
1.705000000000000000e+02
1.705000000000000000e+02
1.717500000000000000e+02
1.712500000000000000e+02
1.705000000000000000e+02
1.705000000000000000e+02
1.715000000000000000e+02
1.712500000000000000e+02
1.712500000000000000e+02
1.687500000000000000e+02
1.705000000000000000e+02
1.685000000000000000e+02
1.685000000000000000e+02
1.687500000000000000e+02
1.682500000000000000e+02
1.682500000000000000e+02
1.687500000000000000e+02
1.687500000000000000e+02
1.687500000000000000e+02
1.687500000000000000e+02
1.680000000000000000e+02
1.680000000000000000e+02
1.680000000000000000e+02
1.685000000000000000e+02
1.680000000000000000e+02
1.680000000000000000e+02
1.687500000000000000e+02
1.687500000000000000e+02
1.685000000000000000e+02
1.685000000000000000e+02
1.685000000000000000e+02
1.707500000000000000e+02
1.707500000000000000e+02
1.655000000000000000e+02
1.682500000000000000e+02
1.682500000000000000e+02
1.685000000000000000e+02
1.692500000000000000e+02
1.692500000000000000e+02
1.692500000000000000e+02
1.687500000000000000e+02
1.680000000000000000e+02
1.680000000000000000e+02
1.685000000000000000e+02
1.690000000000000000e+02
1.690000000000000000e+02
1.685000000000000000e+02
1.692500000000000000e+02
1.692500000000000000e+02
1.680000000000000000e+02
1.685000000000000000e+02
1.675000000000000000e+02
1.675000000000000000e+02
1.675000000000000000e+02
1.667500000000000000e+02
1.667500000000000000e+02
1.667500000000000000e+02
1.650000000000000000e+02
1.655000000000000000e+02
1.655000000000000000e+02
1.660000000000000000e+02
1.665000000000000000e+02
1.665000000000000000e+02
1.672500000000000000e+02
1.677500000000000000e+02
1.677500000000000000e+02
1.657500000000000000e+02
1.670000000000000000e+02
1.685000000000000000e+02
1.685000000000000000e+02
1.667500000000000000e+02
1.680000000000000000e+02
1.680000000000000000e+02
1.677500000000000000e+02
1.682500000000000000e+02
1.682500000000000000e+02
1.667500000000000000e+02
1.665000000000000000e+02
1.665000000000000000e+02
1.670000000000000000e+02
1.665000000000000000e+02
1.665000000000000000e+02
1.665000000000000000e+02
1.667500000000000000e+02
1.645000000000000000e+02
1.645000000000000000e+02
1.680000000000000000e+02
1.677500000000000000e+02
1.677500000000000000e+02
1.672500000000000000e+02
1.675000000000000000e+02
1.675000000000000000e+02
1.670000000000000000e+02
1.672500000000000000e+02
1.670000000000000000e+02
1.670000000000000000e+02
1.672500000000000000e+02
1.670000000000000000e+02
1.670000000000000000e+02
1.660000000000000000e+02
1.672500000000000000e+02
1.672500000000000000e+02
1.677500000000000000e+02
1.667500000000000000e+02
1.687500000000000000e+02
1.687500000000000000e+02
1.687500000000000000e+02
1.685000000000000000e+02
1.685000000000000000e+02
1.687500000000000000e+02
1.680000000000000000e+02
1.707500000000000000e+02
1.707500000000000000e+02
1.692500000000000000e+02
1.677500000000000000e+02
1.677500000000000000e+02
1.690000000000000000e+02
1.697500000000000000e+02
1.697500000000000000e+02
1.685000000000000000e+02
1.690000000000000000e+02
1.690000000000000000e+02
1.690000000000000000e+02
1.690000000000000000e+02
1.695000000000000000e+02
1.695000000000000000e+02
1.707500000000000000e+02
1.707500000000000000e+02
1.707500000000000000e+02
1.697500000000000000e+02
1.712500000000000000e+02
1.695000000000000000e+02
1.695000000000000000e+02
1.697500000000000000e+02
1.705000000000000000e+02
1.705000000000000000e+02
1.722500000000000000e+02
1.712500000000000000e+02
1.727500000000000000e+02
1.727500000000000000e+02
1.722500000000000000e+02
1.720000000000000000e+02
1.732500000000000000e+02
1.732500000000000000e+02
1.730000000000000000e+02
1.717500000000000000e+02
1.717500000000000000e+02
1.722500000000000000e+02
1.722500000000000000e+02
1.722500000000000000e+02
1.732500000000000000e+02
1.730000000000000000e+02
1.742500000000000000e+02
1.742500000000000000e+02
1.740000000000000000e+02
1.732500000000000000e+02
1.727500000000000000e+02
1.727500000000000000e+02
1.732500000000000000e+02
1.745000000000000000e+02
1.745000000000000000e+02
1.747500000000000000e+02
1.747500000000000000e+02
1.752500000000000000e+02
1.752500000000000000e+02
1.757500000000000000e+02
1.757500000000000000e+02
1.762500000000000000e+02
1.762500000000000000e+02
1.752500000000000000e+02
1.757500000000000000e+02
1.757500000000000000e+02
1.755000000000000000e+02
1.765000000000000000e+02
1.762500000000000000e+02
1.762500000000000000e+02
1.760000000000000000e+02
1.762500000000000000e+02
1.770000000000000000e+02
1.770000000000000000e+02
1.747500000000000000e+02
1.765000000000000000e+02
1.772500000000000000e+02
1.772500000000000000e+02
1.755000000000000000e+02
1.782500000000000000e+02
1.760000000000000000e+02
1.760000000000000000e+02
1.770000000000000000e+02
1.770000000000000000e+02
1.767500000000000000e+02
1.767500000000000000e+02
1.752500000000000000e+02
1.760000000000000000e+02
1.760000000000000000e+02
1.767500000000000000e+02
1.767500000000000000e+02
1.767500000000000000e+02
1.767500000000000000e+02
1.762500000000000000e+02
1.757500000000000000e+02
1.760000000000000000e+02
1.760000000000000000e+02
1.752500000000000000e+02
1.760000000000000000e+02
1.760000000000000000e+02
1.757500000000000000e+02
1.755000000000000000e+02
1.752500000000000000e+02
1.752500000000000000e+02
1.760000000000000000e+02
1.757500000000000000e+02
1.757500000000000000e+02
1.757500000000000000e+02
1.752500000000000000e+02
1.760000000000000000e+02
1.762500000000000000e+02
1.762500000000000000e+02
1.767500000000000000e+02
1.772500000000000000e+02
1.772500000000000000e+02
1.755000000000000000e+02
1.765000000000000000e+02
1.767500000000000000e+02
1.767500000000000000e+02
1.760000000000000000e+02
1.762500000000000000e+02
1.762500000000000000e+02
1.762500000000000000e+02
1.767500000000000000e+02
1.765000000000000000e+02
1.760000000000000000e+02
1.760000000000000000e+02
1.757500000000000000e+02
1.767500000000000000e+02
1.767500000000000000e+02
1.767500000000000000e+02
1.770000000000000000e+02
1.762500000000000000e+02
1.762500000000000000e+02
1.762500000000000000e+02
1.760000000000000000e+02
1.747500000000000000e+02
1.747500000000000000e+02
1.760000000000000000e+02
1.760000000000000000e+02
1.755000000000000000e+02
1.755000000000000000e+02
1.752500000000000000e+02
1.772500000000000000e+02
1.735000000000000000e+02
1.735000000000000000e+02
1.752500000000000000e+02
1.752500000000000000e+02
1.752500000000000000e+02
1.745000000000000000e+02
1.760000000000000000e+02
1.755000000000000000e+02
1.755000000000000000e+02
1.755000000000000000e+02
1.742500000000000000e+02
1.742500000000000000e+02
1.745000000000000000e+02
1.742500000000000000e+02
1.742500000000000000e+02
1.742500000000000000e+02
1.750000000000000000e+02
1.750000000000000000e+02
1.720000000000000000e+02
1.720000000000000000e+02
1.755000000000000000e+02
1.747500000000000000e+02
1.747500000000000000e+02
1.715000000000000000e+02
1.720000000000000000e+02
1.737500000000000000e+02
1.737500000000000000e+02
1.730000000000000000e+02
1.727500000000000000e+02
1.720000000000000000e+02
1.720000000000000000e+02
1.737500000000000000e+02
1.725000000000000000e+02
1.725000000000000000e+02
1.730000000000000000e+02
1.730000000000000000e+02
1.727500000000000000e+02
1.727500000000000000e+02
1.730000000000000000e+02
1.727500000000000000e+02
1.727500000000000000e+02
1.727500000000000000e+02
1.720000000000000000e+02
1.722500000000000000e+02
1.722500000000000000e+02
1.725000000000000000e+02
1.710000000000000000e+02
1.720000000000000000e+02
1.720000000000000000e+02
1.717500000000000000e+02
1.725000000000000000e+02
1.725000000000000000e+02
1.705000000000000000e+02
1.695000000000000000e+02
1.695000000000000000e+02
1.710000000000000000e+02
1.680000000000000000e+02
1.655000000000000000e+02
1.655000000000000000e+02
1.680000000000000000e+02
1.692500000000000000e+02
1.692500000000000000e+02
1.667500000000000000e+02
1.680000000000000000e+02
1.680000000000000000e+02
1.677500000000000000e+02
1.685000000000000000e+02
1.685000000000000000e+02
1.685000000000000000e+02
1.685000000000000000e+02
1.670000000000000000e+02
1.670000000000000000e+02
1.685000000000000000e+02
1.672500000000000000e+02
1.672500000000000000e+02
1.685000000000000000e+02
1.675000000000000000e+02
1.682500000000000000e+02
1.682500000000000000e+02
1.695000000000000000e+02
1.685000000000000000e+02
1.685000000000000000e+02
1.692500000000000000e+02
1.692500000000000000e+02
1.692500000000000000e+02
1.697500000000000000e+02
1.695000000000000000e+02
1.687500000000000000e+02
1.687500000000000000e+02
1.685000000000000000e+02
1.690000000000000000e+02
1.690000000000000000e+02
1.697500000000000000e+02
1.687500000000000000e+02
1.690000000000000000e+02
1.690000000000000000e+02
1.692500000000000000e+02
1.690000000000000000e+02
1.690000000000000000e+02
1.687500000000000000e+02
1.687500000000000000e+02
1.692500000000000000e+02
1.692500000000000000e+02
1.680000000000000000e+02
1.680000000000000000e+02
1.680000000000000000e+02
1.667500000000000000e+02
1.685000000000000000e+02
1.685000000000000000e+02
1.680000000000000000e+02
1.672500000000000000e+02
1.672500000000000000e+02
1.677500000000000000e+02
1.652500000000000000e+02
1.675000000000000000e+02
1.675000000000000000e+02
1.655000000000000000e+02
1.657500000000000000e+02
1.657500000000000000e+02
1.662500000000000000e+02
1.667500000000000000e+02
1.667500000000000000e+02
1.667500000000000000e+02
1.675000000000000000e+02
1.675000000000000000e+02
1.667500000000000000e+02
1.647500000000000000e+02
1.637500000000000000e+02
1.637500000000000000e+02
1.615000000000000000e+02
1.622500000000000000e+02
1.622500000000000000e+02
1.630000000000000000e+02
1.627500000000000000e+02
1.627500000000000000e+02
1.612500000000000000e+02
1.617500000000000000e+02
1.617500000000000000e+02
1.615000000000000000e+02
1.612500000000000000e+02
1.612500000000000000e+02
1.625000000000000000e+02
1.605000000000000000e+02
1.605000000000000000e+02
1.615000000000000000e+02
1.612500000000000000e+02
1.612500000000000000e+02
1.597500000000000000e+02
1.587500000000000000e+02
1.587500000000000000e+02
1.572500000000000000e+02
1.550000000000000000e+02
1.550000000000000000e+02
1.560000000000000000e+02
1.532500000000000000e+02
1.532500000000000000e+02
1.535000000000000000e+02
1.535000000000000000e+02
1.497500000000000000e+02
1.487500000000000000e+02
1.487500000000000000e+02
1.505000000000000000e+02
1.507500000000000000e+02
1.507500000000000000e+02
1.547500000000000000e+02
1.565000000000000000e+02
1.565000000000000000e+02
1.560000000000000000e+02
1.560000000000000000e+02
1.540000000000000000e+02
1.517500000000000000e+02
1.517500000000000000e+02
1.500000000000000000e+02
1.497500000000000000e+02
1.497500000000000000e+02
1.470000000000000000e+02
1.470000000000000000e+02
1.452500000000000000e+02
1.485000000000000000e+02
1.485000000000000000e+02
1.512500000000000000e+02
1.507500000000000000e+02
1.507500000000000000e+02
1.415000000000000000e+02
1.415000000000000000e+02
1.295000000000000000e+02
1.295000000000000000e+02
1.357500000000000000e+02
1.357500000000000000e+02
1.355000000000000000e+02
1.372500000000000000e+02
1.372500000000000000e+02
1.370000000000000000e+02
1.370000000000000000e+02
1.390000000000000000e+02
1.390000000000000000e+02
1.390000000000000000e+02
1.460000000000000000e+02
1.460000000000000000e+02
1.462500000000000000e+02
1.462500000000000000e+02
1.390000000000000000e+02
1.390000000000000000e+02
1.120000000000000000e+02
1.120000000000000000e+02
1.215000000000000000e+02
1.215000000000000000e+02
1.290000000000000000e+02
1.355000000000000000e+02
1.355000000000000000e+02
1.440000000000000000e+02
1.440000000000000000e+02
1.460000000000000000e+02
1.482500000000000000e+02
1.482500000000000000e+02
1.495000000000000000e+02
1.512500000000000000e+02
1.512500000000000000e+02
1.527500000000000000e+02
1.527500000000000000e+02
1.532500000000000000e+02
1.522500000000000000e+02
1.522500000000000000e+02
1.370000000000000000e+02
1.370000000000000000e+02
1.370000000000000000e+02
1.370000000000000000e+02
1.370000000000000000e+02
1.370000000000000000e+02
1.230000000000000000e+02
1.230000000000000000e+02
1.230000000000000000e+02
1.227500000000000000e+02
1.230000000000000000e+02
1.230000000000000000e+02
1.227500000000000000e+02
1.227500000000000000e+02
1.245000000000000000e+02
1.245000000000000000e+02
1.275000000000000000e+02
1.275000000000000000e+02
1.465000000000000000e+02
1.502500000000000000e+02
1.502500000000000000e+02
1.532500000000000000e+02
1.532500000000000000e+02
1.527500000000000000e+02
1.532500000000000000e+02
1.532500000000000000e+02
1.527500000000000000e+02
1.512500000000000000e+02
1.512500000000000000e+02
1.502500000000000000e+02
1.502500000000000000e+02
1.467500000000000000e+02
1.470000000000000000e+02
1.470000000000000000e+02
1.457500000000000000e+02
1.457500000000000000e+02
1.425000000000000000e+02
1.407500000000000000e+02
1.407500000000000000e+02
1.400000000000000000e+02
1.400000000000000000e+02
1.407500000000000000e+02
1.427500000000000000e+02
1.427500000000000000e+02
1.450000000000000000e+02
1.450000000000000000e+02
1.437500000000000000e+02
1.352500000000000000e+02
1.352500000000000000e+02
1.297500000000000000e+02
1.297500000000000000e+02
1.267500000000000000e+02
1.267500000000000000e+02
1.272500000000000000e+02
1.272500000000000000e+02
1.297500000000000000e+02
1.297500000000000000e+02
1.362500000000000000e+02
1.405000000000000000e+02
1.405000000000000000e+02
1.480000000000000000e+02
1.480000000000000000e+02
1.515000000000000000e+02
1.552500000000000000e+02
1.552500000000000000e+02
1.577500000000000000e+02
1.600000000000000000e+02
1.600000000000000000e+02
1.615000000000000000e+02
1.625000000000000000e+02
1.625000000000000000e+02
1.632500000000000000e+02
1.640000000000000000e+02
1.625000000000000000e+02
1.625000000000000000e+02
1.627500000000000000e+02
1.627500000000000000e+02
1.502500000000000000e+02
1.525000000000000000e+02
1.525000000000000000e+02
1.515000000000000000e+02
1.517500000000000000e+02
1.517500000000000000e+02
1.507500000000000000e+02
1.505000000000000000e+02
1.505000000000000000e+02
1.532500000000000000e+02
1.532500000000000000e+02
1.520000000000000000e+02
1.562500000000000000e+02
1.562500000000000000e+02
1.592500000000000000e+02
1.590000000000000000e+02
1.590000000000000000e+02
1.602500000000000000e+02
1.630000000000000000e+02
1.630000000000000000e+02
1.615000000000000000e+02
1.652500000000000000e+02
1.652500000000000000e+02
1.632500000000000000e+02
1.630000000000000000e+02
1.640000000000000000e+02
1.640000000000000000e+02
1.652500000000000000e+02
1.660000000000000000e+02
1.660000000000000000e+02
1.660000000000000000e+02
1.617500000000000000e+02
1.617500000000000000e+02
1.647500000000000000e+02
1.640000000000000000e+02
1.640000000000000000e+02
1.662500000000000000e+02
1.660000000000000000e+02
1.660000000000000000e+02
1.675000000000000000e+02
1.642500000000000000e+02
1.655000000000000000e+02
1.655000000000000000e+02
1.637500000000000000e+02
1.620000000000000000e+02
1.620000000000000000e+02
1.617500000000000000e+02
1.637500000000000000e+02
1.637500000000000000e+02
1.620000000000000000e+02
1.612500000000000000e+02
1.612500000000000000e+02
1.602500000000000000e+02
1.602500000000000000e+02
1.580000000000000000e+02
1.572500000000000000e+02
1.565000000000000000e+02
1.565000000000000000e+02
1.575000000000000000e+02
1.575000000000000000e+02
1.577500000000000000e+02
1.602500000000000000e+02
1.622500000000000000e+02
1.622500000000000000e+02
1.627500000000000000e+02
1.627500000000000000e+02
1.627500000000000000e+02
1.660000000000000000e+02
1.650000000000000000e+02
1.650000000000000000e+02
1.665000000000000000e+02
1.660000000000000000e+02
1.660000000000000000e+02
1.670000000000000000e+02
1.670000000000000000e+02
1.670000000000000000e+02
1.692500000000000000e+02
1.692500000000000000e+02
1.697500000000000000e+02
1.697500000000000000e+02
1.692500000000000000e+02
1.707500000000000000e+02
1.707500000000000000e+02
1.710000000000000000e+02
1.710000000000000000e+02
1.697500000000000000e+02
1.697500000000000000e+02
1.672500000000000000e+02
1.670000000000000000e+02
1.670000000000000000e+02
1.662500000000000000e+02
1.640000000000000000e+02
1.640000000000000000e+02
1.655000000000000000e+02
1.642500000000000000e+02
1.642500000000000000e+02
1.660000000000000000e+02
1.652500000000000000e+02
1.650000000000000000e+02
1.650000000000000000e+02
1.667500000000000000e+02
1.660000000000000000e+02
1.660000000000000000e+02
1.680000000000000000e+02
1.680000000000000000e+02
1.680000000000000000e+02
1.697500000000000000e+02
1.687500000000000000e+02
1.695000000000000000e+02
1.695000000000000000e+02
1.702500000000000000e+02
1.720000000000000000e+02
1.720000000000000000e+02
1.710000000000000000e+02
1.730000000000000000e+02
1.722500000000000000e+02
1.722500000000000000e+02
1.727500000000000000e+02
1.742500000000000000e+02
1.742500000000000000e+02
1.735000000000000000e+02
1.747500000000000000e+02
1.740000000000000000e+02
1.740000000000000000e+02
1.727500000000000000e+02
1.745000000000000000e+02
1.735000000000000000e+02
1.735000000000000000e+02
1.730000000000000000e+02
1.732500000000000000e+02
1.732500000000000000e+02
1.742500000000000000e+02
1.750000000000000000e+02
1.740000000000000000e+02
1.740000000000000000e+02
1.745000000000000000e+02
1.730000000000000000e+02
1.737500000000000000e+02
1.737500000000000000e+02
1.720000000000000000e+02
1.715000000000000000e+02
1.715000000000000000e+02
1.725000000000000000e+02
1.720000000000000000e+02
1.735000000000000000e+02
1.735000000000000000e+02
1.737500000000000000e+02
1.735000000000000000e+02
1.735000000000000000e+02
1.725000000000000000e+02
1.742500000000000000e+02
1.750000000000000000e+02
1.750000000000000000e+02
1.740000000000000000e+02
1.752500000000000000e+02
1.752500000000000000e+02
1.747500000000000000e+02
1.745000000000000000e+02
1.740000000000000000e+02
1.740000000000000000e+02
1.742500000000000000e+02
1.742500000000000000e+02
1.755000000000000000e+02
1.755000000000000000e+02
1.757500000000000000e+02
1.765000000000000000e+02
1.787500000000000000e+02
1.787500000000000000e+02
1.740000000000000000e+02
1.765000000000000000e+02
1.765000000000000000e+02
1.772500000000000000e+02
1.775000000000000000e+02
1.780000000000000000e+02
1.780000000000000000e+02
1.785000000000000000e+02
1.795000000000000000e+02
1.790000000000000000e+02
1.790000000000000000e+02
1.795000000000000000e+02
1.790000000000000000e+02
1.775000000000000000e+02
1.775000000000000000e+02
1.767500000000000000e+02
1.775000000000000000e+02
1.780000000000000000e+02
1.780000000000000000e+02
1.787500000000000000e+02
1.792500000000000000e+02
1.777500000000000000e+02
1.777500000000000000e+02
1.785000000000000000e+02
1.732500000000000000e+02
1.717500000000000000e+02
1.717500000000000000e+02
1.730000000000000000e+02
1.755000000000000000e+02
1.755000000000000000e+02
1.765000000000000000e+02
1.742500000000000000e+02
1.752500000000000000e+02
1.752500000000000000e+02
1.740000000000000000e+02
1.757500000000000000e+02
1.750000000000000000e+02
1.750000000000000000e+02
1.762500000000000000e+02
1.757500000000000000e+02
1.757500000000000000e+02
1.782500000000000000e+02
1.782500000000000000e+02
1.772500000000000000e+02
1.772500000000000000e+02
1.780000000000000000e+02
1.780000000000000000e+02
1.782500000000000000e+02
1.782500000000000000e+02
1.792500000000000000e+02
1.797500000000000000e+02
1.795000000000000000e+02
1.795000000000000000e+02
1.800000000000000000e+02
1.800000000000000000e+02
1.810000000000000000e+02
1.810000000000000000e+02
1.797500000000000000e+02
1.805000000000000000e+02
1.820000000000000000e+02
1.820000000000000000e+02
1.807500000000000000e+02
1.805000000000000000e+02
1.817500000000000000e+02
1.817500000000000000e+02
1.807500000000000000e+02
1.807500000000000000e+02
1.820000000000000000e+02
1.820000000000000000e+02
1.820000000000000000e+02
1.815000000000000000e+02
1.822500000000000000e+02
1.822500000000000000e+02
1.815000000000000000e+02
1.802500000000000000e+02
1.827500000000000000e+02
1.832500000000000000e+02
1.832500000000000000e+02
1.792500000000000000e+02
1.817500000000000000e+02
1.775000000000000000e+02
1.775000000000000000e+02
1.790000000000000000e+02
1.805000000000000000e+02
1.807500000000000000e+02
1.807500000000000000e+02
1.807500000000000000e+02
1.807500000000000000e+02
1.807500000000000000e+02
1.810000000000000000e+02
1.805000000000000000e+02
1.817500000000000000e+02
1.812500000000000000e+02
1.812500000000000000e+02
1.800000000000000000e+02
1.827500000000000000e+02
1.820000000000000000e+02
1.820000000000000000e+02
1.812500000000000000e+02
1.802500000000000000e+02
1.815000000000000000e+02
1.815000000000000000e+02
1.812500000000000000e+02
1.815000000000000000e+02
1.815000000000000000e+02
1.815000000000000000e+02
1.822500000000000000e+02
1.805000000000000000e+02
1.825000000000000000e+02
1.825000000000000000e+02
1.817500000000000000e+02
1.825000000000000000e+02
1.817500000000000000e+02
1.835000000000000000e+02
1.835000000000000000e+02
1.815000000000000000e+02
1.827500000000000000e+02
1.825000000000000000e+02
1.825000000000000000e+02
1.835000000000000000e+02
1.832500000000000000e+02
1.835000000000000000e+02
1.835000000000000000e+02
1.840000000000000000e+02
1.837500000000000000e+02
1.855000000000000000e+02
1.855000000000000000e+02
1.807500000000000000e+02
1.840000000000000000e+02
1.842500000000000000e+02
1.842500000000000000e+02
1.835000000000000000e+02
1.840000000000000000e+02
1.835000000000000000e+02
1.835000000000000000e+02
1.842500000000000000e+02
1.832500000000000000e+02
1.842500000000000000e+02
1.837500000000000000e+02
1.837500000000000000e+02
1.847500000000000000e+02
1.837500000000000000e+02
1.837500000000000000e+02
1.837500000000000000e+02
1.837500000000000000e+02
1.845000000000000000e+02
1.835000000000000000e+02
1.835000000000000000e+02
1.822500000000000000e+02
1.847500000000000000e+02
1.825000000000000000e+02
1.825000000000000000e+02
1.845000000000000000e+02
1.822500000000000000e+02
1.832500000000000000e+02
1.827500000000000000e+02
1.827500000000000000e+02
1.842500000000000000e+02
1.807500000000000000e+02
1.825000000000000000e+02
1.825000000000000000e+02
1.815000000000000000e+02
1.825000000000000000e+02
1.795000000000000000e+02
1.795000000000000000e+02
1.820000000000000000e+02
1.817500000000000000e+02
1.827500000000000000e+02
1.827500000000000000e+02
1.830000000000000000e+02
1.815000000000000000e+02
1.817500000000000000e+02
1.827500000000000000e+02
1.827500000000000000e+02
1.825000000000000000e+02
1.827500000000000000e+02
1.827500000000000000e+02
1.827500000000000000e+02
1.827500000000000000e+02
1.842500000000000000e+02
1.822500000000000000e+02
1.822500000000000000e+02
1.835000000000000000e+02
1.827500000000000000e+02
1.830000000000000000e+02
1.830000000000000000e+02
1.832500000000000000e+02
1.832500000000000000e+02
1.825000000000000000e+02
1.825000000000000000e+02
1.830000000000000000e+02
1.815000000000000000e+02
1.837500000000000000e+02
1.827500000000000000e+02
1.827500000000000000e+02
1.825000000000000000e+02
1.825000000000000000e+02
1.827500000000000000e+02
1.827500000000000000e+02
1.825000000000000000e+02
1.815000000000000000e+02
1.840000000000000000e+02
1.840000000000000000e+02
1.817500000000000000e+02
1.820000000000000000e+02
1.817500000000000000e+02
1.817500000000000000e+02
1.825000000000000000e+02
1.825000000000000000e+02
1.822500000000000000e+02
1.822500000000000000e+02
1.817500000000000000e+02
1.820000000000000000e+02
1.815000000000000000e+02
1.815000000000000000e+02
1.810000000000000000e+02
1.817500000000000000e+02
1.815000000000000000e+02
1.815000000000000000e+02
1.817500000000000000e+02
1.815000000000000000e+02
1.817500000000000000e+02
1.817500000000000000e+02
1.820000000000000000e+02
1.815000000000000000e+02
1.812500000000000000e+02
1.812500000000000000e+02
1.822500000000000000e+02
1.817500000000000000e+02
1.820000000000000000e+02
1.820000000000000000e+02
1.820000000000000000e+02
1.820000000000000000e+02
1.830000000000000000e+02
1.807500000000000000e+02
1.807500000000000000e+02
1.825000000000000000e+02
1.817500000000000000e+02
1.822500000000000000e+02
1.822500000000000000e+02
1.822500000000000000e+02
1.815000000000000000e+02
1.825000000000000000e+02
1.825000000000000000e+02
1.812500000000000000e+02
1.817500000000000000e+02
1.817500000000000000e+02
1.817500000000000000e+02
1.817500000000000000e+02
1.810000000000000000e+02
1.812500000000000000e+02
1.812500000000000000e+02
1.800000000000000000e+02
1.787500000000000000e+02
1.775000000000000000e+02
1.775000000000000000e+02
1.782500000000000000e+02
1.775000000000000000e+02
1.780000000000000000e+02
1.780000000000000000e+02
1.787500000000000000e+02
1.787500000000000000e+02
1.792500000000000000e+02
1.792500000000000000e+02
1.785000000000000000e+02
1.785000000000000000e+02
1.785000000000000000e+02
1.785000000000000000e+02
1.795000000000000000e+02
1.790000000000000000e+02
1.782500000000000000e+02
1.782500000000000000e+02
1.792500000000000000e+02
1.790000000000000000e+02
1.792500000000000000e+02
1.792500000000000000e+02
1.790000000000000000e+02
1.792500000000000000e+02
1.780000000000000000e+02
1.780000000000000000e+02
1.792500000000000000e+02
1.785000000000000000e+02
1.785000000000000000e+02
1.787500000000000000e+02
1.787500000000000000e+02
1.782500000000000000e+02
1.782500000000000000e+02
1.795000000000000000e+02
1.815000000000000000e+02
1.752500000000000000e+02
1.752500000000000000e+02
1.780000000000000000e+02
1.785000000000000000e+02
1.790000000000000000e+02
1.790000000000000000e+02
1.780000000000000000e+02
1.775000000000000000e+02
1.775000000000000000e+02
1.775000000000000000e+02
1.757500000000000000e+02
1.785000000000000000e+02
1.775000000000000000e+02
1.775000000000000000e+02
1.765000000000000000e+02
1.760000000000000000e+02
1.755000000000000000e+02
1.755000000000000000e+02
1.755000000000000000e+02
1.745000000000000000e+02
1.745000000000000000e+02
1.760000000000000000e+02
1.752500000000000000e+02
1.777500000000000000e+02
1.777500000000000000e+02
1.715000000000000000e+02
1.747500000000000000e+02
1.740000000000000000e+02
1.740000000000000000e+02
1.732500000000000000e+02
1.745000000000000000e+02
1.745000000000000000e+02
1.747500000000000000e+02
1.750000000000000000e+02
1.750000000000000000e+02
1.750000000000000000e+02
1.727500000000000000e+02
1.722500000000000000e+02
1.722500000000000000e+02
1.742500000000000000e+02
1.710000000000000000e+02
1.715000000000000000e+02
1.715000000000000000e+02
1.697500000000000000e+02
1.725000000000000000e+02
1.725000000000000000e+02
1.682500000000000000e+02
1.695000000000000000e+02
1.707500000000000000e+02
1.707500000000000000e+02
1.690000000000000000e+02
1.707500000000000000e+02
1.707500000000000000e+02
1.707500000000000000e+02
1.715000000000000000e+02
1.712500000000000000e+02
1.712500000000000000e+02
1.722500000000000000e+02
1.717500000000000000e+02
1.725000000000000000e+02
1.725000000000000000e+02
1.717500000000000000e+02
1.715000000000000000e+02
1.715000000000000000e+02
1.717500000000000000e+02
1.702500000000000000e+02
1.702500000000000000e+02
1.690000000000000000e+02
1.692500000000000000e+02
1.655000000000000000e+02
1.655000000000000000e+02
1.640000000000000000e+02
1.612500000000000000e+02
1.612500000000000000e+02
1.627500000000000000e+02
1.620000000000000000e+02
1.620000000000000000e+02
1.620000000000000000e+02
1.630000000000000000e+02
1.630000000000000000e+02
1.640000000000000000e+02
1.675000000000000000e+02
1.675000000000000000e+02
1.660000000000000000e+02
1.672500000000000000e+02
1.670000000000000000e+02
1.670000000000000000e+02
1.692500000000000000e+02
1.682500000000000000e+02
1.682500000000000000e+02
1.670000000000000000e+02
1.675000000000000000e+02
1.675000000000000000e+02
1.662500000000000000e+02
1.655000000000000000e+02
1.655000000000000000e+02
1.657500000000000000e+02
1.650000000000000000e+02
1.650000000000000000e+02
1.667500000000000000e+02
1.652500000000000000e+02
1.672500000000000000e+02
1.672500000000000000e+02
1.677500000000000000e+02
1.667500000000000000e+02
1.667500000000000000e+02
1.682500000000000000e+02
1.685000000000000000e+02
1.685000000000000000e+02
1.690000000000000000e+02
1.687500000000000000e+02
1.685000000000000000e+02
1.685000000000000000e+02
1.677500000000000000e+02
1.690000000000000000e+02
1.690000000000000000e+02
1.675000000000000000e+02
1.675000000000000000e+02
1.675000000000000000e+02
1.677500000000000000e+02
1.685000000000000000e+02
1.690000000000000000e+02
1.690000000000000000e+02
1.687500000000000000e+02
1.705000000000000000e+02
1.705000000000000000e+02
1.692500000000000000e+02
1.705000000000000000e+02
1.705000000000000000e+02
1.705000000000000000e+02
1.697500000000000000e+02
1.682500000000000000e+02
1.682500000000000000e+02
1.637500000000000000e+02
1.645000000000000000e+02
1.645000000000000000e+02
1.655000000000000000e+02
1.665000000000000000e+02
1.662500000000000000e+02
1.662500000000000000e+02
1.650000000000000000e+02
1.667500000000000000e+02
1.667500000000000000e+02
1.680000000000000000e+02
1.677500000000000000e+02
1.677500000000000000e+02
1.675000000000000000e+02
1.675000000000000000e+02
1.682500000000000000e+02
1.682500000000000000e+02
1.682500000000000000e+02
1.672500000000000000e+02
1.672500000000000000e+02
1.677500000000000000e+02
1.685000000000000000e+02
1.685000000000000000e+02
1.685000000000000000e+02
1.690000000000000000e+02
1.700000000000000000e+02
1.700000000000000000e+02
1.697500000000000000e+02
1.697500000000000000e+02
1.697500000000000000e+02
1.710000000000000000e+02
1.697500000000000000e+02
1.697500000000000000e+02
1.715000000000000000e+02
1.702500000000000000e+02
1.700000000000000000e+02
1.700000000000000000e+02
1.702500000000000000e+02
1.690000000000000000e+02
1.690000000000000000e+02
1.700000000000000000e+02
1.700000000000000000e+02
1.677500000000000000e+02
1.677500000000000000e+02
1.702500000000000000e+02
1.705000000000000000e+02
1.705000000000000000e+02
1.702500000000000000e+02
1.717500000000000000e+02
1.717500000000000000e+02
1.727500000000000000e+02
1.717500000000000000e+02
1.715000000000000000e+02
1.715000000000000000e+02
1.727500000000000000e+02
1.712500000000000000e+02
1.727500000000000000e+02
1.727500000000000000e+02
1.717500000000000000e+02
1.715000000000000000e+02
1.715000000000000000e+02
1.707500000000000000e+02
1.720000000000000000e+02
1.722500000000000000e+02
1.722500000000000000e+02
1.730000000000000000e+02
1.725000000000000000e+02
1.725000000000000000e+02
1.727500000000000000e+02
1.727500000000000000e+02
1.730000000000000000e+02
1.730000000000000000e+02
1.735000000000000000e+02
1.742500000000000000e+02
1.742500000000000000e+02
1.742500000000000000e+02
1.740000000000000000e+02
1.747500000000000000e+02
1.747500000000000000e+02
1.725000000000000000e+02
1.740000000000000000e+02
1.725000000000000000e+02
1.725000000000000000e+02
1.737500000000000000e+02
1.745000000000000000e+02
1.745000000000000000e+02
1.717500000000000000e+02
1.735000000000000000e+02
1.705000000000000000e+02
1.705000000000000000e+02
1.720000000000000000e+02
1.712500000000000000e+02
1.712500000000000000e+02
1.730000000000000000e+02
1.735000000000000000e+02
1.732500000000000000e+02
1.732500000000000000e+02
1.727500000000000000e+02
1.730000000000000000e+02
1.735000000000000000e+02
1.735000000000000000e+02
1.737500000000000000e+02
1.742500000000000000e+02
1.742500000000000000e+02
1.750000000000000000e+02
1.747500000000000000e+02
1.757500000000000000e+02
1.757500000000000000e+02
1.745000000000000000e+02
1.755000000000000000e+02
1.752500000000000000e+02
1.752500000000000000e+02
1.760000000000000000e+02
1.755000000000000000e+02
1.755000000000000000e+02
1.762500000000000000e+02
1.755000000000000000e+02
1.767500000000000000e+02
1.767500000000000000e+02
1.772500000000000000e+02
1.770000000000000000e+02
1.767500000000000000e+02
1.767500000000000000e+02
1.757500000000000000e+02
1.760000000000000000e+02
1.762500000000000000e+02
1.762500000000000000e+02
1.762500000000000000e+02
1.762500000000000000e+02
1.762500000000000000e+02
1.775000000000000000e+02
1.775000000000000000e+02
1.775000000000000000e+02
1.775000000000000000e+02
1.797500000000000000e+02
1.755000000000000000e+02
1.770000000000000000e+02
1.770000000000000000e+02
1.760000000000000000e+02
1.752500000000000000e+02
1.752500000000000000e+02
1.760000000000000000e+02
1.762500000000000000e+02
1.760000000000000000e+02
1.767500000000000000e+02
1.767500000000000000e+02
1.767500000000000000e+02
1.772500000000000000e+02
1.772500000000000000e+02
1.770000000000000000e+02
1.777500000000000000e+02
1.770000000000000000e+02
1.770000000000000000e+02
1.782500000000000000e+02
1.747500000000000000e+02
1.772500000000000000e+02
1.772500000000000000e+02
1.757500000000000000e+02
1.772500000000000000e+02
1.777500000000000000e+02
1.777500000000000000e+02
1.775000000000000000e+02
1.782500000000000000e+02
1.782500000000000000e+02
1.782500000000000000e+02
1.785000000000000000e+02
1.770000000000000000e+02
1.770000000000000000e+02
1.765000000000000000e+02
1.765000000000000000e+02
1.760000000000000000e+02
1.760000000000000000e+02
1.777500000000000000e+02
1.745000000000000000e+02
1.772500000000000000e+02
1.772500000000000000e+02
1.782500000000000000e+02
1.780000000000000000e+02
1.787500000000000000e+02
1.787500000000000000e+02
1.780000000000000000e+02
1.790000000000000000e+02
1.812500000000000000e+02
1.812500000000000000e+02
1.762500000000000000e+02
1.790000000000000000e+02
1.790000000000000000e+02
1.790000000000000000e+02
1.792500000000000000e+02
1.790000000000000000e+02
1.790000000000000000e+02
1.790000000000000000e+02
1.790000000000000000e+02
1.797500000000000000e+02
1.792500000000000000e+02
1.792500000000000000e+02
1.792500000000000000e+02
1.800000000000000000e+02
1.797500000000000000e+02
1.797500000000000000e+02
1.797500000000000000e+02
1.805000000000000000e+02
1.770000000000000000e+02
1.770000000000000000e+02
1.792500000000000000e+02
1.782500000000000000e+02
1.790000000000000000e+02
1.790000000000000000e+02
1.790000000000000000e+02
1.780000000000000000e+02
1.780000000000000000e+02
1.795000000000000000e+02
1.797500000000000000e+02
1.792500000000000000e+02
1.792500000000000000e+02
1.792500000000000000e+02
1.797500000000000000e+02
1.797500000000000000e+02
1.800000000000000000e+02
1.800000000000000000e+02
1.802500000000000000e+02
1.797500000000000000e+02
1.797500000000000000e+02
1.800000000000000000e+02
1.805000000000000000e+02
1.802500000000000000e+02
1.802500000000000000e+02
1.805000000000000000e+02
1.795000000000000000e+02
1.810000000000000000e+02
1.797500000000000000e+02
1.797500000000000000e+02
1.797500000000000000e+02
1.792500000000000000e+02
1.792500000000000000e+02
1.802500000000000000e+02
1.792500000000000000e+02
1.800000000000000000e+02
1.800000000000000000e+02
1.792500000000000000e+02
1.792500000000000000e+02
1.797500000000000000e+02
1.797500000000000000e+02
1.795000000000000000e+02
1.790000000000000000e+02
1.795000000000000000e+02
1.795000000000000000e+02
1.795000000000000000e+02
1.797500000000000000e+02
1.795000000000000000e+02
1.795000000000000000e+02
1.797500000000000000e+02
1.802500000000000000e+02
1.797500000000000000e+02
1.797500000000000000e+02
1.802500000000000000e+02
1.802500000000000000e+02
1.802500000000000000e+02
1.802500000000000000e+02
1.795000000000000000e+02
1.795000000000000000e+02
1.795000000000000000e+02
1.827500000000000000e+02
1.827500000000000000e+02
1.755000000000000000e+02
1.785000000000000000e+02
1.785000000000000000e+02
1.795000000000000000e+02
1.787500000000000000e+02
1.787500000000000000e+02
1.787500000000000000e+02
1.780000000000000000e+02
1.760000000000000000e+02
1.755000000000000000e+02
1.755000000000000000e+02
1.745000000000000000e+02
1.755000000000000000e+02
1.760000000000000000e+02
1.760000000000000000e+02
1.757500000000000000e+02
1.765000000000000000e+02
1.765000000000000000e+02
1.747500000000000000e+02
1.752500000000000000e+02
1.760000000000000000e+02
1.760000000000000000e+02
1.757500000000000000e+02
1.747500000000000000e+02
1.762500000000000000e+02
1.762500000000000000e+02
1.762500000000000000e+02
1.772500000000000000e+02
1.772500000000000000e+02
1.770000000000000000e+02
1.765000000000000000e+02
1.775000000000000000e+02
1.775000000000000000e+02
1.767500000000000000e+02
1.770000000000000000e+02
1.767500000000000000e+02
1.767500000000000000e+02
1.780000000000000000e+02
1.760000000000000000e+02
1.770000000000000000e+02
1.770000000000000000e+02
1.770000000000000000e+02
1.762500000000000000e+02
1.767500000000000000e+02
1.767500000000000000e+02
1.767500000000000000e+02
1.770000000000000000e+02
1.770000000000000000e+02
1.750000000000000000e+02
1.780000000000000000e+02
1.775000000000000000e+02
1.775000000000000000e+02
1.775000000000000000e+02
1.770000000000000000e+02
1.775000000000000000e+02
1.775000000000000000e+02
1.760000000000000000e+02
1.775000000000000000e+02
1.777500000000000000e+02
1.777500000000000000e+02
1.775000000000000000e+02
1.777500000000000000e+02
1.772500000000000000e+02
1.772500000000000000e+02
1.775000000000000000e+02
1.770000000000000000e+02
1.770000000000000000e+02
1.770000000000000000e+02
1.777500000000000000e+02
1.772500000000000000e+02
1.772500000000000000e+02
1.772500000000000000e+02
1.772500000000000000e+02
1.770000000000000000e+02
1.770000000000000000e+02
1.782500000000000000e+02
1.772500000000000000e+02
1.777500000000000000e+02
1.777500000000000000e+02
1.777500000000000000e+02
1.777500000000000000e+02
1.780000000000000000e+02
1.780000000000000000e+02
1.770000000000000000e+02
1.767500000000000000e+02
1.775000000000000000e+02
1.775000000000000000e+02
1.775000000000000000e+02
1.772500000000000000e+02
1.772500000000000000e+02
1.772500000000000000e+02
1.772500000000000000e+02
1.775000000000000000e+02
1.760000000000000000e+02
1.760000000000000000e+02
1.772500000000000000e+02
1.770000000000000000e+02
1.770000000000000000e+02
1.730000000000000000e+02
1.712500000000000000e+02
1.752500000000000000e+02
1.752500000000000000e+02
1.707500000000000000e+02
1.715000000000000000e+02
1.725000000000000000e+02
1.725000000000000000e+02
1.727500000000000000e+02
1.730000000000000000e+02
1.730000000000000000e+02
1.747500000000000000e+02
1.737500000000000000e+02
1.735000000000000000e+02
1.735000000000000000e+02
1.732500000000000000e+02
1.747500000000000000e+02
1.747500000000000000e+02
1.745000000000000000e+02
1.732500000000000000e+02
1.747500000000000000e+02
1.747500000000000000e+02
1.752500000000000000e+02
1.750000000000000000e+02
1.752500000000000000e+02
1.752500000000000000e+02
1.775000000000000000e+02
1.742500000000000000e+02
1.750000000000000000e+02
1.750000000000000000e+02
1.750000000000000000e+02
1.752500000000000000e+02
1.752500000000000000e+02
1.747500000000000000e+02
1.737500000000000000e+02
1.740000000000000000e+02
1.740000000000000000e+02
1.742500000000000000e+02
1.745000000000000000e+02
1.745000000000000000e+02
1.747500000000000000e+02
1.747500000000000000e+02
1.732500000000000000e+02
1.732500000000000000e+02
1.765000000000000000e+02
1.747500000000000000e+02
1.735000000000000000e+02
1.735000000000000000e+02
1.740000000000000000e+02
1.750000000000000000e+02
1.750000000000000000e+02
1.750000000000000000e+02
1.747500000000000000e+02
1.742500000000000000e+02
1.742500000000000000e+02
1.742500000000000000e+02
1.725000000000000000e+02
1.720000000000000000e+02
1.720000000000000000e+02
1.715000000000000000e+02
1.702500000000000000e+02
1.702500000000000000e+02
1.720000000000000000e+02
1.700000000000000000e+02
1.702500000000000000e+02
1.702500000000000000e+02
1.710000000000000000e+02
1.712500000000000000e+02
1.712500000000000000e+02
1.710000000000000000e+02
1.715000000000000000e+02
1.715000000000000000e+02
1.717500000000000000e+02
1.710000000000000000e+02
1.712500000000000000e+02
1.712500000000000000e+02
1.715000000000000000e+02
1.702500000000000000e+02
1.702500000000000000e+02
1.702500000000000000e+02
1.700000000000000000e+02
1.677500000000000000e+02
1.677500000000000000e+02
1.675000000000000000e+02
1.677500000000000000e+02
1.677500000000000000e+02
1.687500000000000000e+02
1.680000000000000000e+02
1.680000000000000000e+02
1.695000000000000000e+02
1.690000000000000000e+02
1.692500000000000000e+02
1.692500000000000000e+02
1.692500000000000000e+02
1.687500000000000000e+02
1.687500000000000000e+02
1.687500000000000000e+02
1.695000000000000000e+02
1.707500000000000000e+02
1.707500000000000000e+02
1.707500000000000000e+02
1.710000000000000000e+02
1.710000000000000000e+02
1.702500000000000000e+02
1.700000000000000000e+02
1.705000000000000000e+02
1.705000000000000000e+02
1.690000000000000000e+02
1.705000000000000000e+02
1.705000000000000000e+02
1.700000000000000000e+02
1.695000000000000000e+02
1.690000000000000000e+02
1.690000000000000000e+02
1.695000000000000000e+02
1.670000000000000000e+02
1.670000000000000000e+02
1.692500000000000000e+02
1.695000000000000000e+02
1.695000000000000000e+02
1.702500000000000000e+02
1.695000000000000000e+02
1.697500000000000000e+02
1.697500000000000000e+02
1.710000000000000000e+02
1.687500000000000000e+02
1.687500000000000000e+02
1.652500000000000000e+02
1.682500000000000000e+02
1.682500000000000000e+02
1.692500000000000000e+02
1.675000000000000000e+02
1.685000000000000000e+02
1.685000000000000000e+02
1.680000000000000000e+02
1.685000000000000000e+02
1.685000000000000000e+02
1.680000000000000000e+02
1.687500000000000000e+02
1.687500000000000000e+02
1.682500000000000000e+02
1.690000000000000000e+02
1.692500000000000000e+02
1.692500000000000000e+02
1.705000000000000000e+02
1.700000000000000000e+02
1.700000000000000000e+02
1.682500000000000000e+02
1.705000000000000000e+02
1.705000000000000000e+02
1.707500000000000000e+02
1.712500000000000000e+02
1.710000000000000000e+02
1.710000000000000000e+02
1.707500000000000000e+02
1.697500000000000000e+02
1.697500000000000000e+02
1.697500000000000000e+02
1.707500000000000000e+02
1.712500000000000000e+02
1.712500000000000000e+02
1.717500000000000000e+02
1.715000000000000000e+02
1.715000000000000000e+02
1.717500000000000000e+02
1.717500000000000000e+02
1.725000000000000000e+02
1.725000000000000000e+02
1.725000000000000000e+02
1.732500000000000000e+02
1.732500000000000000e+02
1.732500000000000000e+02
1.727500000000000000e+02
1.717500000000000000e+02
1.717500000000000000e+02
1.735000000000000000e+02
1.732500000000000000e+02
1.737500000000000000e+02
1.737500000000000000e+02
1.737500000000000000e+02
1.740000000000000000e+02
1.740000000000000000e+02
1.740000000000000000e+02
1.772500000000000000e+02
1.712500000000000000e+02
1.712500000000000000e+02
1.747500000000000000e+02
1.750000000000000000e+02
1.747500000000000000e+02
1.747500000000000000e+02
1.732500000000000000e+02
1.742500000000000000e+02
1.742500000000000000e+02
1.740000000000000000e+02
1.740000000000000000e+02
1.737500000000000000e+02
1.737500000000000000e+02
1.742500000000000000e+02
1.740000000000000000e+02
1.737500000000000000e+02
1.737500000000000000e+02
1.742500000000000000e+02
1.735000000000000000e+02
1.735000000000000000e+02
1.750000000000000000e+02
1.742500000000000000e+02
1.730000000000000000e+02
1.730000000000000000e+02
1.732500000000000000e+02
1.737500000000000000e+02
1.737500000000000000e+02
1.742500000000000000e+02
1.737500000000000000e+02
1.737500000000000000e+02
1.737500000000000000e+02
1.730000000000000000e+02
1.732500000000000000e+02
1.732500000000000000e+02
1.732500000000000000e+02
1.737500000000000000e+02
1.737500000000000000e+02
1.737500000000000000e+02
1.745000000000000000e+02
1.737500000000000000e+02
1.752500000000000000e+02
1.752500000000000000e+02
1.747500000000000000e+02
1.752500000000000000e+02
1.755000000000000000e+02
1.755000000000000000e+02
1.757500000000000000e+02
1.752500000000000000e+02
1.752500000000000000e+02
1.760000000000000000e+02
1.757500000000000000e+02
1.767500000000000000e+02
1.767500000000000000e+02
1.750000000000000000e+02
1.755000000000000000e+02
1.762500000000000000e+02
1.762500000000000000e+02
1.747500000000000000e+02
1.767500000000000000e+02
1.757500000000000000e+02
1.757500000000000000e+02
1.750000000000000000e+02
1.760000000000000000e+02
1.760000000000000000e+02
1.757500000000000000e+02
1.760000000000000000e+02
1.755000000000000000e+02
1.755000000000000000e+02
1.762500000000000000e+02
1.757500000000000000e+02
1.757500000000000000e+02
1.757500000000000000e+02
1.767500000000000000e+02
1.760000000000000000e+02
1.750000000000000000e+02
1.750000000000000000e+02
1.760000000000000000e+02
1.757500000000000000e+02
1.755000000000000000e+02
1.755000000000000000e+02
1.757500000000000000e+02
1.755000000000000000e+02
1.755000000000000000e+02
1.752500000000000000e+02
1.760000000000000000e+02
1.752500000000000000e+02
1.752500000000000000e+02
1.760000000000000000e+02
1.752500000000000000e+02
1.765000000000000000e+02
1.765000000000000000e+02
1.757500000000000000e+02
1.755000000000000000e+02
1.755000000000000000e+02
1.760000000000000000e+02
1.752500000000000000e+02
1.757500000000000000e+02
1.757500000000000000e+02
1.765000000000000000e+02
1.765000000000000000e+02
1.765000000000000000e+02
1.765000000000000000e+02
1.772500000000000000e+02
1.752500000000000000e+02
1.765000000000000000e+02
1.765000000000000000e+02
1.767500000000000000e+02
1.762500000000000000e+02
1.762500000000000000e+02
1.760000000000000000e+02
1.765000000000000000e+02
1.762500000000000000e+02
1.762500000000000000e+02
1.772500000000000000e+02
1.767500000000000000e+02
1.772500000000000000e+02
1.772500000000000000e+02
1.775000000000000000e+02
1.762500000000000000e+02
1.777500000000000000e+02
1.777500000000000000e+02
1.772500000000000000e+02
1.772500000000000000e+02
1.775000000000000000e+02
1.775000000000000000e+02
1.777500000000000000e+02
1.782500000000000000e+02
1.782500000000000000e+02
1.775000000000000000e+02
1.777500000000000000e+02
1.782500000000000000e+02
1.782500000000000000e+02
1.780000000000000000e+02
1.782500000000000000e+02
1.787500000000000000e+02
1.787500000000000000e+02
1.780000000000000000e+02
1.787500000000000000e+02
1.780000000000000000e+02
1.780000000000000000e+02
1.790000000000000000e+02
1.787500000000000000e+02
1.792500000000000000e+02
1.792500000000000000e+02
1.785000000000000000e+02
1.790000000000000000e+02
1.770000000000000000e+02
1.770000000000000000e+02
1.770000000000000000e+02
1.775000000000000000e+02
1.777500000000000000e+02
1.777500000000000000e+02
1.772500000000000000e+02
1.760000000000000000e+02
1.760000000000000000e+02
1.772500000000000000e+02
1.770000000000000000e+02
1.765000000000000000e+02
1.755000000000000000e+02
1.755000000000000000e+02
1.752500000000000000e+02
1.772500000000000000e+02
1.772500000000000000e+02
1.765000000000000000e+02
1.762500000000000000e+02
1.765000000000000000e+02
1.765000000000000000e+02
1.777500000000000000e+02
1.760000000000000000e+02
1.762500000000000000e+02
1.762500000000000000e+02
1.770000000000000000e+02
1.760000000000000000e+02
1.775000000000000000e+02
1.775000000000000000e+02
1.772500000000000000e+02
1.772500000000000000e+02
1.772500000000000000e+02
1.772500000000000000e+02
1.767500000000000000e+02
1.780000000000000000e+02
1.780000000000000000e+02
1.780000000000000000e+02
1.770000000000000000e+02
1.782500000000000000e+02
1.782500000000000000e+02
1.772500000000000000e+02
1.780000000000000000e+02
1.780000000000000000e+02
1.780000000000000000e+02
1.790000000000000000e+02
1.785000000000000000e+02
1.790000000000000000e+02
1.790000000000000000e+02
1.787500000000000000e+02
1.777500000000000000e+02
1.795000000000000000e+02
1.795000000000000000e+02
1.792500000000000000e+02
1.795000000000000000e+02
1.792500000000000000e+02
1.792500000000000000e+02
1.792500000000000000e+02
1.797500000000000000e+02
1.790000000000000000e+02
1.790000000000000000e+02
1.797500000000000000e+02
1.792500000000000000e+02
1.805000000000000000e+02
1.805000000000000000e+02
1.797500000000000000e+02
1.800000000000000000e+02
1.795000000000000000e+02
1.795000000000000000e+02
1.780000000000000000e+02
1.785000000000000000e+02
1.787500000000000000e+02
1.787500000000000000e+02
1.785000000000000000e+02
1.782500000000000000e+02
1.782500000000000000e+02
1.785000000000000000e+02
1.785000000000000000e+02
1.780000000000000000e+02
1.780000000000000000e+02
1.802500000000000000e+02
1.762500000000000000e+02
1.785000000000000000e+02
1.785000000000000000e+02
1.787500000000000000e+02
1.782500000000000000e+02
1.770000000000000000e+02
1.770000000000000000e+02
1.787500000000000000e+02
1.777500000000000000e+02
1.777500000000000000e+02
1.777500000000000000e+02
1.780000000000000000e+02
1.770000000000000000e+02
1.767500000000000000e+02
1.767500000000000000e+02
1.795000000000000000e+02
1.745000000000000000e+02
1.767500000000000000e+02
1.767500000000000000e+02
1.775000000000000000e+02
1.770000000000000000e+02
1.775000000000000000e+02
1.775000000000000000e+02
1.775000000000000000e+02
1.770000000000000000e+02
1.770000000000000000e+02
1.772500000000000000e+02
1.770000000000000000e+02
1.775000000000000000e+02
1.775000000000000000e+02
1.775000000000000000e+02
1.777500000000000000e+02
1.777500000000000000e+02
1.777500000000000000e+02
1.772500000000000000e+02
1.770000000000000000e+02
1.782500000000000000e+02
1.782500000000000000e+02
1.770000000000000000e+02
1.777500000000000000e+02
1.777500000000000000e+02
1.775000000000000000e+02
1.780000000000000000e+02
1.767500000000000000e+02
1.777500000000000000e+02
1.777500000000000000e+02
1.775000000000000000e+02
1.777500000000000000e+02
1.777500000000000000e+02
1.775000000000000000e+02
1.772500000000000000e+02
1.765000000000000000e+02
1.765000000000000000e+02
1.765000000000000000e+02
1.782500000000000000e+02
1.777500000000000000e+02
1.777500000000000000e+02
1.777500000000000000e+02
1.772500000000000000e+02
1.770000000000000000e+02
1.770000000000000000e+02
1.772500000000000000e+02
1.772500000000000000e+02
1.775000000000000000e+02
1.775000000000000000e+02
1.767500000000000000e+02
1.767500000000000000e+02
1.767500000000000000e+02
1.767500000000000000e+02
1.767500000000000000e+02
1.767500000000000000e+02
1.767500000000000000e+02
1.767500000000000000e+02
1.770000000000000000e+02
1.767500000000000000e+02
1.767500000000000000e+02
1.765000000000000000e+02
1.772500000000000000e+02
1.762500000000000000e+02
1.762500000000000000e+02
1.770000000000000000e+02
1.772500000000000000e+02
1.775000000000000000e+02
1.775000000000000000e+02
1.770000000000000000e+02
1.775000000000000000e+02
1.775000000000000000e+02
1.775000000000000000e+02
1.780000000000000000e+02
1.780000000000000000e+02
1.785000000000000000e+02
1.785000000000000000e+02
1.785000000000000000e+02
1.780000000000000000e+02
1.780000000000000000e+02
1.777500000000000000e+02
1.770000000000000000e+02
1.775000000000000000e+02
1.775000000000000000e+02
1.777500000000000000e+02
1.770000000000000000e+02
1.762500000000000000e+02
1.762500000000000000e+02
1.760000000000000000e+02
1.757500000000000000e+02
1.757500000000000000e+02
1.755000000000000000e+02
1.747500000000000000e+02
1.745000000000000000e+02
1.745000000000000000e+02
1.750000000000000000e+02
1.742500000000000000e+02
1.742500000000000000e+02
1.742500000000000000e+02
1.737500000000000000e+02
1.737500000000000000e+02
1.717500000000000000e+02
1.717500000000000000e+02
1.730000000000000000e+02
1.722500000000000000e+02
1.722500000000000000e+02
1.710000000000000000e+02
1.705000000000000000e+02
1.705000000000000000e+02
1.702500000000000000e+02
1.710000000000000000e+02
1.697500000000000000e+02
1.697500000000000000e+02
1.715000000000000000e+02
1.715000000000000000e+02
1.715000000000000000e+02
1.715000000000000000e+02
1.722500000000000000e+02
1.727500000000000000e+02
1.727500000000000000e+02
1.730000000000000000e+02
1.725000000000000000e+02
1.725000000000000000e+02
1.725000000000000000e+02
1.730000000000000000e+02
1.725000000000000000e+02
1.725000000000000000e+02
1.730000000000000000e+02
1.730000000000000000e+02
1.730000000000000000e+02
1.730000000000000000e+02
1.732500000000000000e+02
1.735000000000000000e+02
1.735000000000000000e+02
1.720000000000000000e+02
1.732500000000000000e+02
1.732500000000000000e+02
1.732500000000000000e+02
1.732500000000000000e+02
1.737500000000000000e+02
1.737500000000000000e+02
1.722500000000000000e+02
1.712500000000000000e+02
1.715000000000000000e+02
1.715000000000000000e+02
1.720000000000000000e+02
1.715000000000000000e+02
1.715000000000000000e+02
1.710000000000000000e+02
1.700000000000000000e+02
1.712500000000000000e+02
1.712500000000000000e+02
1.707500000000000000e+02
1.702500000000000000e+02
1.702500000000000000e+02
1.702500000000000000e+02
1.707500000000000000e+02
1.667500000000000000e+02
1.667500000000000000e+02
1.597500000000000000e+02
1.622500000000000000e+02
1.622500000000000000e+02
1.630000000000000000e+02
1.637500000000000000e+02
1.637500000000000000e+02
1.647500000000000000e+02
1.645000000000000000e+02
1.645000000000000000e+02
1.635000000000000000e+02
1.645000000000000000e+02
1.645000000000000000e+02
1.647500000000000000e+02
1.642500000000000000e+02
1.642500000000000000e+02
1.652500000000000000e+02
1.660000000000000000e+02
1.672500000000000000e+02
1.672500000000000000e+02
1.672500000000000000e+02
1.680000000000000000e+02
1.680000000000000000e+02
1.657500000000000000e+02
1.665000000000000000e+02
1.665000000000000000e+02
1.667500000000000000e+02
1.655000000000000000e+02
1.655000000000000000e+02
1.650000000000000000e+02
1.635000000000000000e+02
1.585000000000000000e+02
1.585000000000000000e+02
1.567500000000000000e+02
1.567500000000000000e+02
1.572500000000000000e+02
1.565000000000000000e+02
1.557500000000000000e+02
1.557500000000000000e+02
1.547500000000000000e+02
1.547500000000000000e+02
1.550000000000000000e+02
1.537500000000000000e+02
1.537500000000000000e+02
1.507500000000000000e+02
1.507500000000000000e+02
1.482500000000000000e+02
1.447500000000000000e+02
1.447500000000000000e+02
1.430000000000000000e+02
1.430000000000000000e+02
1.442500000000000000e+02
1.457500000000000000e+02
1.457500000000000000e+02
1.467500000000000000e+02
1.475000000000000000e+02
1.475000000000000000e+02
1.517500000000000000e+02
1.560000000000000000e+02
1.560000000000000000e+02
1.572500000000000000e+02
1.572500000000000000e+02
1.597500000000000000e+02
1.600000000000000000e+02
1.600000000000000000e+02
1.605000000000000000e+02
1.607500000000000000e+02
1.600000000000000000e+02
1.600000000000000000e+02
1.600000000000000000e+02
1.602500000000000000e+02
1.602500000000000000e+02
1.575000000000000000e+02
1.565000000000000000e+02
1.565000000000000000e+02
1.557500000000000000e+02
1.557500000000000000e+02
1.535000000000000000e+02
1.547500000000000000e+02
1.547500000000000000e+02
1.547500000000000000e+02
1.547500000000000000e+02
1.547500000000000000e+02
1.540000000000000000e+02
1.565000000000000000e+02
1.565000000000000000e+02
1.565000000000000000e+02
1.565000000000000000e+02
1.570000000000000000e+02
1.587500000000000000e+02
1.587500000000000000e+02
1.577500000000000000e+02
1.547500000000000000e+02
1.547500000000000000e+02
1.462500000000000000e+02
1.442500000000000000e+02
1.442500000000000000e+02
1.437500000000000000e+02
1.437500000000000000e+02
1.445000000000000000e+02
1.425000000000000000e+02
1.425000000000000000e+02
1.422500000000000000e+02
1.422500000000000000e+02
1.420000000000000000e+02
1.415000000000000000e+02
1.415000000000000000e+02
1.417500000000000000e+02
1.417500000000000000e+02
1.432500000000000000e+02
1.452500000000000000e+02
1.452500000000000000e+02
1.497500000000000000e+02
1.497500000000000000e+02
1.537500000000000000e+02
1.550000000000000000e+02
1.550000000000000000e+02
1.500000000000000000e+02
1.487500000000000000e+02
1.487500000000000000e+02
1.502500000000000000e+02
1.502500000000000000e+02
1.495000000000000000e+02
1.505000000000000000e+02
1.505000000000000000e+02
1.530000000000000000e+02
1.530000000000000000e+02
1.530000000000000000e+02
1.527500000000000000e+02
1.515000000000000000e+02
1.515000000000000000e+02
1.542500000000000000e+02
1.542500000000000000e+02
1.490000000000000000e+02
1.462500000000000000e+02
1.462500000000000000e+02
1.417500000000000000e+02
1.417500000000000000e+02
1.352500000000000000e+02
1.352500000000000000e+02
1.332500000000000000e+02
1.402500000000000000e+02
1.402500000000000000e+02
1.435000000000000000e+02
1.435000000000000000e+02
1.472500000000000000e+02
1.457500000000000000e+02
1.457500000000000000e+02
1.480000000000000000e+02
1.482500000000000000e+02
1.482500000000000000e+02
1.490000000000000000e+02
1.490000000000000000e+02
1.495000000000000000e+02
1.530000000000000000e+02
1.530000000000000000e+02
1.542500000000000000e+02
1.537500000000000000e+02
1.537500000000000000e+02
1.540000000000000000e+02
1.517500000000000000e+02
1.517500000000000000e+02
1.495000000000000000e+02
1.495000000000000000e+02
1.490000000000000000e+02
1.452500000000000000e+02
1.452500000000000000e+02
1.435000000000000000e+02
1.435000000000000000e+02
1.407500000000000000e+02
1.380000000000000000e+02
1.380000000000000000e+02
1.410000000000000000e+02
1.410000000000000000e+02
1.442500000000000000e+02
1.442500000000000000e+02
1.460000000000000000e+02
1.462500000000000000e+02
1.462500000000000000e+02
1.482500000000000000e+02
1.500000000000000000e+02
1.500000000000000000e+02
1.507500000000000000e+02
1.507500000000000000e+02
1.492500000000000000e+02
1.502500000000000000e+02
1.502500000000000000e+02
1.497500000000000000e+02
1.505000000000000000e+02
1.505000000000000000e+02
1.517500000000000000e+02
1.517500000000000000e+02
1.492500000000000000e+02
1.472500000000000000e+02
1.472500000000000000e+02
1.380000000000000000e+02
1.380000000000000000e+02
1.380000000000000000e+02
1.380000000000000000e+02
1.127500000000000000e+02
1.127500000000000000e+02
1.202500000000000000e+02
1.202500000000000000e+02
1.260000000000000000e+02
1.260000000000000000e+02
1.287500000000000000e+02
1.287500000000000000e+02
1.317500000000000000e+02
1.317500000000000000e+02
1.360000000000000000e+02
1.380000000000000000e+02
1.380000000000000000e+02
1.435000000000000000e+02
1.435000000000000000e+02
1.447500000000000000e+02
1.465000000000000000e+02
1.465000000000000000e+02
1.422500000000000000e+02
1.422500000000000000e+02
1.377500000000000000e+02
1.377500000000000000e+02
1.362500000000000000e+02
1.380000000000000000e+02
1.380000000000000000e+02
1.412500000000000000e+02
1.412500000000000000e+02
1.415000000000000000e+02
1.440000000000000000e+02
1.440000000000000000e+02
1.465000000000000000e+02
1.465000000000000000e+02
1.472500000000000000e+02
1.507500000000000000e+02
1.507500000000000000e+02
1.510000000000000000e+02
1.515000000000000000e+02
1.515000000000000000e+02
1.515000000000000000e+02
1.515000000000000000e+02
1.517500000000000000e+02
1.517500000000000000e+02
1.517500000000000000e+02
1.525000000000000000e+02
1.522500000000000000e+02
1.522500000000000000e+02
1.450000000000000000e+02
1.450000000000000000e+02
1.357500000000000000e+02
1.357500000000000000e+02
1.252500000000000000e+02
1.327500000000000000e+02
1.327500000000000000e+02
1.402500000000000000e+02
1.402500000000000000e+02
1.485000000000000000e+02
1.552500000000000000e+02
1.552500000000000000e+02
1.577500000000000000e+02
1.582500000000000000e+02
1.582500000000000000e+02
1.582500000000000000e+02
1.582500000000000000e+02
1.582500000000000000e+02
1.607500000000000000e+02
1.577500000000000000e+02
1.577500000000000000e+02
1.580000000000000000e+02
1.580000000000000000e+02
1.570000000000000000e+02
1.517500000000000000e+02
1.517500000000000000e+02
1.517500000000000000e+02
1.472500000000000000e+02
1.472500000000000000e+02
1.307500000000000000e+02
1.307500000000000000e+02
1.145000000000000000e+02
1.145000000000000000e+02
1.250000000000000000e+02
1.250000000000000000e+02
1.297500000000000000e+02
1.297500000000000000e+02
1.350000000000000000e+02
1.365000000000000000e+02
1.365000000000000000e+02
1.470000000000000000e+02
1.470000000000000000e+02
1.592500000000000000e+02
1.572500000000000000e+02
1.597500000000000000e+02
1.597500000000000000e+02
1.610000000000000000e+02
1.597500000000000000e+02
1.597500000000000000e+02
1.595000000000000000e+02
1.595000000000000000e+02
1.587500000000000000e+02
1.580000000000000000e+02
1.562500000000000000e+02
1.562500000000000000e+02
1.580000000000000000e+02
1.615000000000000000e+02
1.615000000000000000e+02
1.615000000000000000e+02
1.615000000000000000e+02
1.615000000000000000e+02
1.615000000000000000e+02
1.615000000000000000e+02
1.615000000000000000e+02
1.595000000000000000e+02
1.595000000000000000e+02
1.585000000000000000e+02
1.585000000000000000e+02
1.585000000000000000e+02
1.580000000000000000e+02
1.552500000000000000e+02
1.552500000000000000e+02
1.585000000000000000e+02
1.537500000000000000e+02
1.537500000000000000e+02
1.515000000000000000e+02
1.507500000000000000e+02
1.507500000000000000e+02
1.512500000000000000e+02
1.562500000000000000e+02
1.562500000000000000e+02
1.560000000000000000e+02
1.560000000000000000e+02
1.520000000000000000e+02
1.512500000000000000e+02
1.512500000000000000e+02
1.470000000000000000e+02
1.470000000000000000e+02
1.482500000000000000e+02
1.490000000000000000e+02
1.490000000000000000e+02
1.547500000000000000e+02
1.570000000000000000e+02
1.570000000000000000e+02
1.605000000000000000e+02
1.615000000000000000e+02
1.615000000000000000e+02
1.632500000000000000e+02
1.652500000000000000e+02
1.652500000000000000e+02
1.642500000000000000e+02
1.650000000000000000e+02
1.650000000000000000e+02
1.655000000000000000e+02
1.657500000000000000e+02
1.650000000000000000e+02
1.650000000000000000e+02
1.642500000000000000e+02
1.665000000000000000e+02
1.695000000000000000e+02
1.695000000000000000e+02
1.655000000000000000e+02
1.672500000000000000e+02
1.672500000000000000e+02
1.675000000000000000e+02
1.647500000000000000e+02
1.647500000000000000e+02
1.622500000000000000e+02
1.622500000000000000e+02
1.597500000000000000e+02
1.610000000000000000e+02
1.610000000000000000e+02
1.595000000000000000e+02
1.582500000000000000e+02
1.582500000000000000e+02
1.562500000000000000e+02
1.530000000000000000e+02
1.530000000000000000e+02
1.512500000000000000e+02
1.527500000000000000e+02
1.527500000000000000e+02
1.510000000000000000e+02
1.495000000000000000e+02
1.495000000000000000e+02
1.520000000000000000e+02
1.520000000000000000e+02
1.547500000000000000e+02
1.580000000000000000e+02
1.582500000000000000e+02
1.582500000000000000e+02
1.630000000000000000e+02
1.627500000000000000e+02
1.627500000000000000e+02
1.615000000000000000e+02
1.622500000000000000e+02
1.622500000000000000e+02
1.605000000000000000e+02
1.622500000000000000e+02
1.622500000000000000e+02
1.617500000000000000e+02
1.617500000000000000e+02
1.615000000000000000e+02
1.615000000000000000e+02
1.612500000000000000e+02
1.612500000000000000e+02
1.612500000000000000e+02
1.607500000000000000e+02
1.607500000000000000e+02
1.630000000000000000e+02
1.605000000000000000e+02
1.605000000000000000e+02
1.597500000000000000e+02
1.610000000000000000e+02
1.610000000000000000e+02
1.587500000000000000e+02
1.582500000000000000e+02
1.582500000000000000e+02
1.592500000000000000e+02
1.595000000000000000e+02
1.595000000000000000e+02
1.585000000000000000e+02
1.570000000000000000e+02
1.570000000000000000e+02
1.552500000000000000e+02
1.557500000000000000e+02
1.557500000000000000e+02
1.527500000000000000e+02
1.527500000000000000e+02
1.527500000000000000e+02
1.565000000000000000e+02
1.565000000000000000e+02
1.585000000000000000e+02
1.602500000000000000e+02
1.602500000000000000e+02
1.580000000000000000e+02
1.572500000000000000e+02
1.572500000000000000e+02
1.572500000000000000e+02
1.587500000000000000e+02
1.587500000000000000e+02
1.552500000000000000e+02
1.547500000000000000e+02
1.547500000000000000e+02
1.555000000000000000e+02
1.575000000000000000e+02
1.575000000000000000e+02
1.537500000000000000e+02
1.537500000000000000e+02
1.565000000000000000e+02
1.557500000000000000e+02
1.595000000000000000e+02
1.595000000000000000e+02
1.605000000000000000e+02
1.605000000000000000e+02
1.592500000000000000e+02
1.627500000000000000e+02
1.652500000000000000e+02
1.652500000000000000e+02
1.625000000000000000e+02
1.625000000000000000e+02
1.625000000000000000e+02
1.600000000000000000e+02
1.592500000000000000e+02
1.592500000000000000e+02
1.572500000000000000e+02
1.572500000000000000e+02
1.542500000000000000e+02
1.520000000000000000e+02
1.520000000000000000e+02
1.505000000000000000e+02
1.532500000000000000e+02
1.532500000000000000e+02
1.532500000000000000e+02
1.560000000000000000e+02
1.560000000000000000e+02
1.540000000000000000e+02
1.540000000000000000e+02
1.565000000000000000e+02
1.535000000000000000e+02
1.535000000000000000e+02
1.540000000000000000e+02
1.545000000000000000e+02
1.545000000000000000e+02
1.532500000000000000e+02
1.550000000000000000e+02
1.550000000000000000e+02
1.567500000000000000e+02
1.587500000000000000e+02
1.587500000000000000e+02
1.590000000000000000e+02
1.612500000000000000e+02
1.612500000000000000e+02
1.592500000000000000e+02
1.582500000000000000e+02
1.582500000000000000e+02
1.560000000000000000e+02
1.552500000000000000e+02
1.552500000000000000e+02
1.415000000000000000e+02
1.415000000000000000e+02
1.357500000000000000e+02
1.357500000000000000e+02
1.317500000000000000e+02
1.317500000000000000e+02
1.367500000000000000e+02
1.445000000000000000e+02
1.445000000000000000e+02
1.515000000000000000e+02
1.562500000000000000e+02
1.562500000000000000e+02
1.605000000000000000e+02
1.627500000000000000e+02
1.627500000000000000e+02
1.647500000000000000e+02
1.662500000000000000e+02
1.665000000000000000e+02
1.665000000000000000e+02
1.620000000000000000e+02
1.632500000000000000e+02
1.632500000000000000e+02
1.637500000000000000e+02
1.652500000000000000e+02
1.652500000000000000e+02
1.667500000000000000e+02
1.675000000000000000e+02
1.675000000000000000e+02
1.670000000000000000e+02
1.670000000000000000e+02
1.670000000000000000e+02
1.660000000000000000e+02
1.625000000000000000e+02
1.625000000000000000e+02
1.617500000000000000e+02
1.625000000000000000e+02
1.625000000000000000e+02
1.605000000000000000e+02
1.617500000000000000e+02
1.617500000000000000e+02
1.640000000000000000e+02
1.617500000000000000e+02
1.617500000000000000e+02
1.622500000000000000e+02
1.590000000000000000e+02
1.592500000000000000e+02
1.592500000000000000e+02
1.602500000000000000e+02
1.592500000000000000e+02
1.592500000000000000e+02
1.582500000000000000e+02
1.582500000000000000e+02
1.580000000000000000e+02
1.542500000000000000e+02
1.542500000000000000e+02
1.565000000000000000e+02
1.557500000000000000e+02
1.557500000000000000e+02
1.585000000000000000e+02
1.580000000000000000e+02
1.580000000000000000e+02
1.575000000000000000e+02
1.597500000000000000e+02
1.597500000000000000e+02
1.620000000000000000e+02
1.640000000000000000e+02
1.640000000000000000e+02
1.640000000000000000e+02
1.650000000000000000e+02
1.650000000000000000e+02
1.662500000000000000e+02
1.662500000000000000e+02
1.662500000000000000e+02
1.662500000000000000e+02
1.667500000000000000e+02
1.632500000000000000e+02
1.632500000000000000e+02
1.622500000000000000e+02
1.572500000000000000e+02
1.572500000000000000e+02
1.555000000000000000e+02
1.532500000000000000e+02
1.532500000000000000e+02
1.492500000000000000e+02
1.492500000000000000e+02
1.470000000000000000e+02
1.477500000000000000e+02
1.477500000000000000e+02
1.487500000000000000e+02
1.532500000000000000e+02
1.532500000000000000e+02
1.587500000000000000e+02
1.620000000000000000e+02
1.620000000000000000e+02
1.637500000000000000e+02
1.637500000000000000e+02
1.650000000000000000e+02
1.647500000000000000e+02
1.667500000000000000e+02
1.667500000000000000e+02
1.635000000000000000e+02
1.675000000000000000e+02
1.675000000000000000e+02
1.682500000000000000e+02
1.655000000000000000e+02
1.655000000000000000e+02
1.665000000000000000e+02
1.692500000000000000e+02
1.690000000000000000e+02
1.690000000000000000e+02
1.702500000000000000e+02
1.687500000000000000e+02
1.707500000000000000e+02
1.707500000000000000e+02
1.692500000000000000e+02
1.702500000000000000e+02
1.702500000000000000e+02
1.702500000000000000e+02
1.712500000000000000e+02
1.712500000000000000e+02
1.697500000000000000e+02
1.697500000000000000e+02
1.712500000000000000e+02
1.712500000000000000e+02
1.717500000000000000e+02
1.702500000000000000e+02
1.702500000000000000e+02
1.720000000000000000e+02
1.715000000000000000e+02
1.715000000000000000e+02
1.715000000000000000e+02
1.712500000000000000e+02
1.705000000000000000e+02
1.705000000000000000e+02
1.700000000000000000e+02
1.715000000000000000e+02
1.700000000000000000e+02
1.700000000000000000e+02
1.692500000000000000e+02
1.707500000000000000e+02
1.707500000000000000e+02
1.680000000000000000e+02
1.692500000000000000e+02
1.692500000000000000e+02
1.687500000000000000e+02
1.695000000000000000e+02
1.702500000000000000e+02
1.702500000000000000e+02
1.697500000000000000e+02
1.705000000000000000e+02
1.705000000000000000e+02
1.707500000000000000e+02
1.707500000000000000e+02
1.737500000000000000e+02
1.737500000000000000e+02
1.715000000000000000e+02
1.722500000000000000e+02
1.705000000000000000e+02
1.705000000000000000e+02
1.732500000000000000e+02
1.732500000000000000e+02
1.732500000000000000e+02
1.737500000000000000e+02
1.727500000000000000e+02
1.727500000000000000e+02
1.747500000000000000e+02
1.740000000000000000e+02
1.742500000000000000e+02
1.742500000000000000e+02
1.745000000000000000e+02
1.757500000000000000e+02
1.745000000000000000e+02
1.745000000000000000e+02
1.770000000000000000e+02
1.765000000000000000e+02
1.762500000000000000e+02
1.762500000000000000e+02
1.755000000000000000e+02
1.775000000000000000e+02
1.775000000000000000e+02
1.730000000000000000e+02
1.750000000000000000e+02
1.695000000000000000e+02
1.695000000000000000e+02
1.737500000000000000e+02
1.760000000000000000e+02
1.760000000000000000e+02
1.715000000000000000e+02
1.737500000000000000e+02
1.740000000000000000e+02
1.740000000000000000e+02
1.737500000000000000e+02
1.735000000000000000e+02
1.720000000000000000e+02
1.720000000000000000e+02
1.735000000000000000e+02
1.740000000000000000e+02
1.740000000000000000e+02
1.735000000000000000e+02
1.732500000000000000e+02
1.750000000000000000e+02
1.750000000000000000e+02
1.750000000000000000e+02
1.760000000000000000e+02
1.757500000000000000e+02
1.757500000000000000e+02
1.760000000000000000e+02
1.767500000000000000e+02
1.760000000000000000e+02
1.760000000000000000e+02
1.765000000000000000e+02
1.770000000000000000e+02
1.770000000000000000e+02
1.775000000000000000e+02
1.755000000000000000e+02
1.770000000000000000e+02
1.770000000000000000e+02
1.765000000000000000e+02
1.775000000000000000e+02
1.780000000000000000e+02
1.780000000000000000e+02
1.757500000000000000e+02
1.775000000000000000e+02
1.775000000000000000e+02
1.775000000000000000e+02
1.780000000000000000e+02
1.762500000000000000e+02
1.762500000000000000e+02
1.767500000000000000e+02
1.782500000000000000e+02
1.787500000000000000e+02
1.787500000000000000e+02
1.772500000000000000e+02
1.772500000000000000e+02
1.777500000000000000e+02
1.777500000000000000e+02
1.755000000000000000e+02
1.772500000000000000e+02
1.775000000000000000e+02
1.775000000000000000e+02
1.775000000000000000e+02
1.782500000000000000e+02
1.785000000000000000e+02
1.785000000000000000e+02
1.775000000000000000e+02
1.795000000000000000e+02
1.792500000000000000e+02
1.792500000000000000e+02
1.785000000000000000e+02
1.797500000000000000e+02
1.782500000000000000e+02
1.782500000000000000e+02
1.787500000000000000e+02
1.800000000000000000e+02
1.780000000000000000e+02
1.780000000000000000e+02
1.777500000000000000e+02
1.772500000000000000e+02
1.782500000000000000e+02
1.782500000000000000e+02
1.772500000000000000e+02
1.770000000000000000e+02
1.770000000000000000e+02
1.765000000000000000e+02
1.777500000000000000e+02
1.782500000000000000e+02
1.782500000000000000e+02
1.772500000000000000e+02
1.792500000000000000e+02
1.792500000000000000e+02
1.792500000000000000e+02
1.780000000000000000e+02
1.780000000000000000e+02
1.792500000000000000e+02
1.792500000000000000e+02
1.802500000000000000e+02
1.790000000000000000e+02
1.787500000000000000e+02
1.787500000000000000e+02
1.820000000000000000e+02
1.810000000000000000e+02
1.797500000000000000e+02
1.797500000000000000e+02
1.810000000000000000e+02
1.815000000000000000e+02
1.812500000000000000e+02
1.812500000000000000e+02
1.815000000000000000e+02
1.810000000000000000e+02
1.800000000000000000e+02
1.800000000000000000e+02
1.802500000000000000e+02
1.807500000000000000e+02
1.812500000000000000e+02
1.812500000000000000e+02
1.812500000000000000e+02
1.797500000000000000e+02
1.812500000000000000e+02
1.812500000000000000e+02
1.805000000000000000e+02
1.815000000000000000e+02
1.812500000000000000e+02
1.812500000000000000e+02
1.817500000000000000e+02
1.802500000000000000e+02
1.807500000000000000e+02
1.815000000000000000e+02
1.815000000000000000e+02
1.817500000000000000e+02
1.812500000000000000e+02
1.807500000000000000e+02
1.807500000000000000e+02
1.807500000000000000e+02
1.807500000000000000e+02
1.790000000000000000e+02
1.790000000000000000e+02
1.812500000000000000e+02
1.800000000000000000e+02
1.807500000000000000e+02
1.807500000000000000e+02
1.812500000000000000e+02
1.817500000000000000e+02
1.817500000000000000e+02
1.817500000000000000e+02
1.822500000000000000e+02
1.825000000000000000e+02
1.825000000000000000e+02
1.825000000000000000e+02
1.827500000000000000e+02
1.837500000000000000e+02
1.835000000000000000e+02
1.835000000000000000e+02
1.872500000000000000e+02
1.817500000000000000e+02
1.845000000000000000e+02
1.860000000000000000e+02
1.860000000000000000e+02
1.852500000000000000e+02
1.872500000000000000e+02
1.865000000000000000e+02
1.865000000000000000e+02
1.865000000000000000e+02
1.865000000000000000e+02
1.867500000000000000e+02
1.867500000000000000e+02
1.867500000000000000e+02
1.862500000000000000e+02
1.867500000000000000e+02
1.855000000000000000e+02
1.855000000000000000e+02
1.840000000000000000e+02
1.865000000000000000e+02
1.847500000000000000e+02
1.847500000000000000e+02
1.840000000000000000e+02
1.842500000000000000e+02
1.835000000000000000e+02
1.835000000000000000e+02
1.840000000000000000e+02
1.840000000000000000e+02
1.827500000000000000e+02
1.815000000000000000e+02
1.815000000000000000e+02
1.827500000000000000e+02
1.820000000000000000e+02
1.815000000000000000e+02
1.815000000000000000e+02
1.812500000000000000e+02
1.820000000000000000e+02
1.827500000000000000e+02
1.827500000000000000e+02
1.820000000000000000e+02
1.825000000000000000e+02
1.822500000000000000e+02
1.822500000000000000e+02
1.817500000000000000e+02
1.817500000000000000e+02
1.820000000000000000e+02
1.820000000000000000e+02
1.820000000000000000e+02
1.820000000000000000e+02
1.820000000000000000e+02
1.820000000000000000e+02
1.825000000000000000e+02
1.830000000000000000e+02
1.825000000000000000e+02
1.825000000000000000e+02
1.825000000000000000e+02
1.835000000000000000e+02
1.825000000000000000e+02
1.830000000000000000e+02
1.830000000000000000e+02
1.837500000000000000e+02
1.837500000000000000e+02
1.830000000000000000e+02
1.830000000000000000e+02
1.845000000000000000e+02
1.832500000000000000e+02
1.845000000000000000e+02
1.842500000000000000e+02
1.842500000000000000e+02
1.845000000000000000e+02
1.837500000000000000e+02
1.842500000000000000e+02
1.842500000000000000e+02
1.837500000000000000e+02
1.827500000000000000e+02
1.847500000000000000e+02
1.847500000000000000e+02
1.835000000000000000e+02
1.842500000000000000e+02
1.840000000000000000e+02
1.835000000000000000e+02
1.835000000000000000e+02
1.837500000000000000e+02
1.840000000000000000e+02
1.840000000000000000e+02
1.837500000000000000e+02
1.842500000000000000e+02
1.832500000000000000e+02
1.832500000000000000e+02
1.837500000000000000e+02
1.840000000000000000e+02
1.830000000000000000e+02
1.847500000000000000e+02
1.847500000000000000e+02
1.840000000000000000e+02
1.842500000000000000e+02
1.840000000000000000e+02
1.837500000000000000e+02
1.837500000000000000e+02
1.840000000000000000e+02
1.837500000000000000e+02
1.840000000000000000e+02
1.840000000000000000e+02
1.837500000000000000e+02
1.837500000000000000e+02
1.837500000000000000e+02
1.837500000000000000e+02
1.835000000000000000e+02
1.825000000000000000e+02
1.832500000000000000e+02
1.832500000000000000e+02
1.830000000000000000e+02
1.832500000000000000e+02
1.825000000000000000e+02
1.825000000000000000e+02
1.830000000000000000e+02
1.827500000000000000e+02
1.847500000000000000e+02
1.847500000000000000e+02
1.827500000000000000e+02
1.835000000000000000e+02
1.832500000000000000e+02
1.790000000000000000e+02
1.790000000000000000e+02
1.817500000000000000e+02
1.830000000000000000e+02
1.827500000000000000e+02
1.827500000000000000e+02
1.827500000000000000e+02
1.820000000000000000e+02
1.827500000000000000e+02
1.827500000000000000e+02
1.830000000000000000e+02
1.835000000000000000e+02
1.832500000000000000e+02
1.832500000000000000e+02
1.837500000000000000e+02
1.835000000000000000e+02
1.840000000000000000e+02
1.835000000000000000e+02
1.835000000000000000e+02
1.845000000000000000e+02
1.842500000000000000e+02
1.835000000000000000e+02
1.835000000000000000e+02
1.840000000000000000e+02
1.835000000000000000e+02
1.842500000000000000e+02
1.842500000000000000e+02
1.832500000000000000e+02
1.835000000000000000e+02
1.832500000000000000e+02
1.832500000000000000e+02
1.832500000000000000e+02
1.827500000000000000e+02
1.830000000000000000e+02
1.832500000000000000e+02
1.832500000000000000e+02
1.820000000000000000e+02
1.825000000000000000e+02
1.827500000000000000e+02
1.827500000000000000e+02
1.827500000000000000e+02
1.817500000000000000e+02
1.827500000000000000e+02
1.827500000000000000e+02
1.822500000000000000e+02
1.827500000000000000e+02
1.815000000000000000e+02
1.815000000000000000e+02
1.825000000000000000e+02
1.827500000000000000e+02
1.827500000000000000e+02
1.827500000000000000e+02
1.827500000000000000e+02
1.830000000000000000e+02
1.832500000000000000e+02
1.825000000000000000e+02
1.825000000000000000e+02
1.827500000000000000e+02
1.832500000000000000e+02
1.835000000000000000e+02
1.835000000000000000e+02
1.837500000000000000e+02
1.832500000000000000e+02
1.832500000000000000e+02
1.832500000000000000e+02
1.832500000000000000e+02
1.830000000000000000e+02
1.835000000000000000e+02
1.835000000000000000e+02
1.820000000000000000e+02
1.812500000000000000e+02
1.842500000000000000e+02
1.842500000000000000e+02
1.822500000000000000e+02
1.820000000000000000e+02
1.820000000000000000e+02
1.820000000000000000e+02
1.820000000000000000e+02
1.802500000000000000e+02
1.812500000000000000e+02
1.812500000000000000e+02
1.812500000000000000e+02
1.822500000000000000e+02
1.795000000000000000e+02
1.805000000000000000e+02
1.805000000000000000e+02
1.807500000000000000e+02
1.805000000000000000e+02
1.805000000000000000e+02
1.807500000000000000e+02
1.807500000000000000e+02
1.807500000000000000e+02
1.802500000000000000e+02
1.802500000000000000e+02
1.807500000000000000e+02
1.802500000000000000e+02
1.802500000000000000e+02
1.802500000000000000e+02
1.810000000000000000e+02
1.802500000000000000e+02
1.795000000000000000e+02
1.795000000000000000e+02
1.802500000000000000e+02
1.790000000000000000e+02
1.810000000000000000e+02
1.810000000000000000e+02
1.797500000000000000e+02
1.797500000000000000e+02
1.790000000000000000e+02
1.790000000000000000e+02
1.790000000000000000e+02
1.800000000000000000e+02
1.800000000000000000e+02
1.800000000000000000e+02
1.792500000000000000e+02
1.795000000000000000e+02
1.785000000000000000e+02
1.785000000000000000e+02
1.785000000000000000e+02
1.787500000000000000e+02
1.787500000000000000e+02
1.772500000000000000e+02
1.785000000000000000e+02
1.765000000000000000e+02
1.765000000000000000e+02
1.797500000000000000e+02
1.782500000000000000e+02
1.775000000000000000e+02
1.775000000000000000e+02
1.785000000000000000e+02
1.782500000000000000e+02
1.785000000000000000e+02
1.785000000000000000e+02
1.777500000000000000e+02
1.777500000000000000e+02
1.782500000000000000e+02
1.782500000000000000e+02
1.772500000000000000e+02
1.762500000000000000e+02
1.775000000000000000e+02
1.775000000000000000e+02
1.775000000000000000e+02
1.775000000000000000e+02
1.772500000000000000e+02
1.772500000000000000e+02
1.780000000000000000e+02
1.777500000000000000e+02
1.777500000000000000e+02
1.775000000000000000e+02
1.777500000000000000e+02
1.787500000000000000e+02
1.780000000000000000e+02
1.780000000000000000e+02
1.785000000000000000e+02
1.782500000000000000e+02
1.782500000000000000e+02
1.787500000000000000e+02
1.787500000000000000e+02
1.790000000000000000e+02
1.790000000000000000e+02
1.785000000000000000e+02
1.797500000000000000e+02
1.780000000000000000e+02
1.780000000000000000e+02
1.790000000000000000e+02
1.792500000000000000e+02
1.790000000000000000e+02
1.790000000000000000e+02
1.792500000000000000e+02
1.790000000000000000e+02
1.787500000000000000e+02
1.787500000000000000e+02
1.780000000000000000e+02
1.785000000000000000e+02
1.782500000000000000e+02
1.782500000000000000e+02
1.780000000000000000e+02
1.780000000000000000e+02
1.785000000000000000e+02
1.785000000000000000e+02
1.777500000000000000e+02
1.780000000000000000e+02
1.775000000000000000e+02
1.775000000000000000e+02
1.785000000000000000e+02
1.777500000000000000e+02
1.777500000000000000e+02
1.777500000000000000e+02
1.780000000000000000e+02
1.777500000000000000e+02
1.777500000000000000e+02
1.772500000000000000e+02
1.770000000000000000e+02
1.765000000000000000e+02
1.765000000000000000e+02
1.757500000000000000e+02
1.750000000000000000e+02
1.765000000000000000e+02
1.765000000000000000e+02
1.765000000000000000e+02
1.765000000000000000e+02
1.765000000000000000e+02
1.765000000000000000e+02
1.752500000000000000e+02
1.772500000000000000e+02
1.772500000000000000e+02
1.775000000000000000e+02
1.760000000000000000e+02
1.775000000000000000e+02
1.775000000000000000e+02
1.762500000000000000e+02
1.775000000000000000e+02
1.765000000000000000e+02
1.765000000000000000e+02
1.745000000000000000e+02
1.762500000000000000e+02
1.762500000000000000e+02
1.757500000000000000e+02
1.760000000000000000e+02
1.752500000000000000e+02
1.752500000000000000e+02
1.757500000000000000e+02
1.765000000000000000e+02
1.757500000000000000e+02
1.757500000000000000e+02
1.757500000000000000e+02
1.772500000000000000e+02
1.757500000000000000e+02
1.757500000000000000e+02
1.735000000000000000e+02
1.745000000000000000e+02
1.742500000000000000e+02
1.742500000000000000e+02
1.745000000000000000e+02
1.740000000000000000e+02
1.740000000000000000e+02
1.705000000000000000e+02
1.722500000000000000e+02
1.730000000000000000e+02
1.730000000000000000e+02
1.722500000000000000e+02
1.732500000000000000e+02
1.717500000000000000e+02
1.717500000000000000e+02
1.730000000000000000e+02
1.700000000000000000e+02
1.700000000000000000e+02
1.712500000000000000e+02
1.692500000000000000e+02
1.692500000000000000e+02
1.695000000000000000e+02
1.690000000000000000e+02
1.677500000000000000e+02
1.677500000000000000e+02
1.685000000000000000e+02
1.700000000000000000e+02
1.700000000000000000e+02
1.697500000000000000e+02
1.705000000000000000e+02
1.705000000000000000e+02
1.702500000000000000e+02
1.700000000000000000e+02
1.712500000000000000e+02
1.712500000000000000e+02
1.677500000000000000e+02
1.675000000000000000e+02
1.675000000000000000e+02
1.685000000000000000e+02
1.682500000000000000e+02
1.682500000000000000e+02
1.672500000000000000e+02
1.677500000000000000e+02
1.677500000000000000e+02
1.677500000000000000e+02
1.677500000000000000e+02
1.677500000000000000e+02
1.677500000000000000e+02
1.660000000000000000e+02
1.640000000000000000e+02
1.630000000000000000e+02
1.630000000000000000e+02
1.625000000000000000e+02
1.622500000000000000e+02
1.622500000000000000e+02
1.652500000000000000e+02
1.655000000000000000e+02
1.655000000000000000e+02
1.652500000000000000e+02
1.657500000000000000e+02
1.657500000000000000e+02
1.670000000000000000e+02
1.677500000000000000e+02
1.677500000000000000e+02
1.665000000000000000e+02
1.692500000000000000e+02
1.677500000000000000e+02
1.677500000000000000e+02
1.690000000000000000e+02
1.687500000000000000e+02
1.687500000000000000e+02
1.675000000000000000e+02
1.677500000000000000e+02
1.677500000000000000e+02
1.650000000000000000e+02
1.637500000000000000e+02
1.637500000000000000e+02
1.647500000000000000e+02
1.640000000000000000e+02
1.667500000000000000e+02
1.667500000000000000e+02
1.667500000000000000e+02
1.667500000000000000e+02
1.667500000000000000e+02
1.667500000000000000e+02
1.667500000000000000e+02
1.667500000000000000e+02
1.667500000000000000e+02
1.667500000000000000e+02
1.667500000000000000e+02
1.667500000000000000e+02
1.645000000000000000e+02
1.645000000000000000e+02
1.645000000000000000e+02
1.645000000000000000e+02
1.645000000000000000e+02
1.645000000000000000e+02
1.645000000000000000e+02
1.645000000000000000e+02
1.645000000000000000e+02
1.645000000000000000e+02
1.645000000000000000e+02
1.645000000000000000e+02
1.645000000000000000e+02
1.645000000000000000e+02
1.645000000000000000e+02
1.647500000000000000e+02
1.647500000000000000e+02
1.647500000000000000e+02
1.647500000000000000e+02
1.647500000000000000e+02
1.647500000000000000e+02
1.647500000000000000e+02
1.647500000000000000e+02
1.647500000000000000e+02
1.647500000000000000e+02
1.682500000000000000e+02
1.680000000000000000e+02
1.680000000000000000e+02
1.680000000000000000e+02
1.670000000000000000e+02
1.670000000000000000e+02
1.687500000000000000e+02
1.677500000000000000e+02
1.690000000000000000e+02
1.690000000000000000e+02
1.677500000000000000e+02
1.660000000000000000e+02
1.660000000000000000e+02
1.647500000000000000e+02
1.660000000000000000e+02
1.660000000000000000e+02
1.667500000000000000e+02
1.650000000000000000e+02
1.650000000000000000e+02
1.667500000000000000e+02
1.645000000000000000e+02
1.645000000000000000e+02
1.647500000000000000e+02
1.642500000000000000e+02
1.630000000000000000e+02
1.630000000000000000e+02
1.647500000000000000e+02
1.660000000000000000e+02
1.660000000000000000e+02
1.657500000000000000e+02
1.665000000000000000e+02
1.665000000000000000e+02
1.665000000000000000e+02
1.667500000000000000e+02
1.667500000000000000e+02
1.667500000000000000e+02
1.660000000000000000e+02
1.672500000000000000e+02
1.672500000000000000e+02
1.660000000000000000e+02
1.660000000000000000e+02
1.660000000000000000e+02
1.700000000000000000e+02
1.650000000000000000e+02
1.650000000000000000e+02
1.650000000000000000e+02
1.650000000000000000e+02
1.650000000000000000e+02
1.650000000000000000e+02
1.650000000000000000e+02
1.650000000000000000e+02
1.650000000000000000e+02
1.650000000000000000e+02
1.650000000000000000e+02
1.650000000000000000e+02
1.620000000000000000e+02
1.620000000000000000e+02
1.620000000000000000e+02
1.620000000000000000e+02
1.620000000000000000e+02
1.620000000000000000e+02
1.620000000000000000e+02
1.620000000000000000e+02
1.620000000000000000e+02
1.620000000000000000e+02
1.645000000000000000e+02
1.645000000000000000e+02
1.637500000000000000e+02
1.635000000000000000e+02
1.635000000000000000e+02
1.667500000000000000e+02
1.672500000000000000e+02
1.680000000000000000e+02
1.680000000000000000e+02
1.687500000000000000e+02
1.685000000000000000e+02
1.685000000000000000e+02
1.690000000000000000e+02
1.677500000000000000e+02
1.677500000000000000e+02
1.670000000000000000e+02
1.657500000000000000e+02
1.645000000000000000e+02
1.645000000000000000e+02
1.645000000000000000e+02
1.655000000000000000e+02
1.655000000000000000e+02
1.657500000000000000e+02
1.662500000000000000e+02
1.662500000000000000e+02
1.667500000000000000e+02
1.672500000000000000e+02
1.672500000000000000e+02
1.675000000000000000e+02
1.672500000000000000e+02
1.667500000000000000e+02
1.667500000000000000e+02
1.692500000000000000e+02
1.667500000000000000e+02
1.667500000000000000e+02
1.685000000000000000e+02
1.677500000000000000e+02
1.677500000000000000e+02
1.665000000000000000e+02
1.670000000000000000e+02
1.647500000000000000e+02
1.647500000000000000e+02
1.652500000000000000e+02
1.650000000000000000e+02
1.650000000000000000e+02
1.655000000000000000e+02
1.647500000000000000e+02
1.647500000000000000e+02
1.637500000000000000e+02
1.632500000000000000e+02
1.632500000000000000e+02
1.635000000000000000e+02
1.635000000000000000e+02
1.635000000000000000e+02
1.635000000000000000e+02
1.635000000000000000e+02
1.660000000000000000e+02
1.660000000000000000e+02
1.665000000000000000e+02
1.682500000000000000e+02
1.682500000000000000e+02
1.685000000000000000e+02
1.680000000000000000e+02
1.680000000000000000e+02
1.670000000000000000e+02
1.682500000000000000e+02
1.675000000000000000e+02
1.675000000000000000e+02
1.687500000000000000e+02
1.697500000000000000e+02
1.697500000000000000e+02
1.695000000000000000e+02
1.690000000000000000e+02
1.690000000000000000e+02
1.710000000000000000e+02
1.715000000000000000e+02
1.702500000000000000e+02
1.702500000000000000e+02
1.710000000000000000e+02
1.710000000000000000e+02
1.710000000000000000e+02
1.705000000000000000e+02
1.702500000000000000e+02
1.712500000000000000e+02
1.712500000000000000e+02
1.707500000000000000e+02
1.710000000000000000e+02
1.710000000000000000e+02
1.692500000000000000e+02
1.707500000000000000e+02
1.707500000000000000e+02
1.700000000000000000e+02
1.702500000000000000e+02
1.707500000000000000e+02
1.707500000000000000e+02
1.692500000000000000e+02
1.690000000000000000e+02
1.687500000000000000e+02
1.687500000000000000e+02
1.685000000000000000e+02
1.685000000000000000e+02
1.685000000000000000e+02
1.687500000000000000e+02
1.675000000000000000e+02
1.675000000000000000e+02
1.690000000000000000e+02
1.700000000000000000e+02
1.700000000000000000e+02
1.702500000000000000e+02
1.705000000000000000e+02
1.702500000000000000e+02
1.702500000000000000e+02
1.715000000000000000e+02
1.707500000000000000e+02
1.692500000000000000e+02
1.692500000000000000e+02
1.680000000000000000e+02
1.700000000000000000e+02
1.700000000000000000e+02
1.700000000000000000e+02
1.697500000000000000e+02
1.697500000000000000e+02
1.710000000000000000e+02
1.705000000000000000e+02
1.687500000000000000e+02
1.687500000000000000e+02
1.682500000000000000e+02
1.690000000000000000e+02
1.690000000000000000e+02
1.710000000000000000e+02
1.702500000000000000e+02
1.702500000000000000e+02
1.710000000000000000e+02
1.715000000000000000e+02
1.715000000000000000e+02
1.715000000000000000e+02
1.727500000000000000e+02
1.712500000000000000e+02
1.720000000000000000e+02
1.720000000000000000e+02
1.717500000000000000e+02
1.717500000000000000e+02
1.717500000000000000e+02
1.720000000000000000e+02
1.717500000000000000e+02
1.730000000000000000e+02
1.730000000000000000e+02
1.705000000000000000e+02
1.717500000000000000e+02
1.717500000000000000e+02
1.722500000000000000e+02
1.715000000000000000e+02
1.700000000000000000e+02
1.700000000000000000e+02
1.732500000000000000e+02
1.705000000000000000e+02
1.705000000000000000e+02
1.705000000000000000e+02
1.715000000000000000e+02
1.717500000000000000e+02
1.717500000000000000e+02
1.707500000000000000e+02
1.710000000000000000e+02
1.710000000000000000e+02
1.717500000000000000e+02
1.715000000000000000e+02
1.712500000000000000e+02
1.712500000000000000e+02
1.700000000000000000e+02
1.710000000000000000e+02
1.710000000000000000e+02
1.700000000000000000e+02
1.710000000000000000e+02
1.717500000000000000e+02
1.717500000000000000e+02
1.722500000000000000e+02
1.715000000000000000e+02
1.715000000000000000e+02
1.705000000000000000e+02
1.700000000000000000e+02
1.717500000000000000e+02
1.717500000000000000e+02
1.722500000000000000e+02
1.712500000000000000e+02
1.712500000000000000e+02
1.717500000000000000e+02
1.717500000000000000e+02
1.720000000000000000e+02
1.720000000000000000e+02
1.717500000000000000e+02
1.722500000000000000e+02
1.722500000000000000e+02
1.710000000000000000e+02
1.717500000000000000e+02
1.727500000000000000e+02
1.727500000000000000e+02
1.725000000000000000e+02
1.725000000000000000e+02
1.725000000000000000e+02
1.727500000000000000e+02
1.727500000000000000e+02
1.732500000000000000e+02
1.732500000000000000e+02
1.727500000000000000e+02
1.732500000000000000e+02
1.727500000000000000e+02
1.727500000000000000e+02
1.737500000000000000e+02
1.700000000000000000e+02
1.700000000000000000e+02
1.712500000000000000e+02
1.712500000000000000e+02
1.712500000000000000e+02
1.715000000000000000e+02
1.710000000000000000e+02
1.727500000000000000e+02
1.727500000000000000e+02
1.717500000000000000e+02
1.707500000000000000e+02
1.707500000000000000e+02
1.715000000000000000e+02
1.720000000000000000e+02
1.720000000000000000e+02
1.720000000000000000e+02
1.707500000000000000e+02
1.700000000000000000e+02
1.700000000000000000e+02
1.700000000000000000e+02
1.707500000000000000e+02
1.695000000000000000e+02
1.695000000000000000e+02
1.700000000000000000e+02
1.702500000000000000e+02
1.702500000000000000e+02
1.707500000000000000e+02
1.707500000000000000e+02
1.707500000000000000e+02
1.707500000000000000e+02
1.707500000000000000e+02
1.707500000000000000e+02
1.707500000000000000e+02
1.707500000000000000e+02
1.707500000000000000e+02
1.707500000000000000e+02
1.707500000000000000e+02
1.707500000000000000e+02
1.707500000000000000e+02
1.707500000000000000e+02
1.707500000000000000e+02
1.703977272727272805e+02
1.700454545454545325e+02
1.696931818181818130e+02
1.693409090909090935e+02
1.689886363636363740e+02
1.686363636363636260e+02
1.682840909090909065e+02
1.679318181818181870e+02
1.675795454545454675e+02
1.672272727272727195e+02
1.668750000000000000e+02
1.665227272727272805e+02
1.661704545454545325e+02
1.658181818181818130e+02
1.654659090909090935e+02
1.651136363636363740e+02
1.647613636363636260e+02
1.644090909090909065e+02
1.640568181818181870e+02
1.637045454545454675e+02
1.633522727272727195e+02
1.630000000000000000e+02
1.622500000000000000e+02
1.622500000000000000e+02
1.635000000000000000e+02
1.640000000000000000e+02
1.640000000000000000e+02
1.647500000000000000e+02
1.625000000000000000e+02
1.632500000000000000e+02
1.632500000000000000e+02
1.600000000000000000e+02
1.600000000000000000e+02
1.620000000000000000e+02
1.602500000000000000e+02
1.625000000000000000e+02
1.625000000000000000e+02
1.622500000000000000e+02
1.622500000000000000e+02
1.622500000000000000e+02
1.622500000000000000e+02
1.635000000000000000e+02
1.635000000000000000e+02
1.627500000000000000e+02
1.622500000000000000e+02
1.622500000000000000e+02
1.620000000000000000e+02
1.635000000000000000e+02
1.635000000000000000e+02
1.627500000000000000e+02
1.635000000000000000e+02
1.635000000000000000e+02
1.640000000000000000e+02
1.657500000000000000e+02
1.657500000000000000e+02
1.662500000000000000e+02
1.660000000000000000e+02
1.660000000000000000e+02
1.660000000000000000e+02
1.665000000000000000e+02
1.665000000000000000e+02
1.665000000000000000e+02
1.645000000000000000e+02
1.667500000000000000e+02
1.667500000000000000e+02
1.650000000000000000e+02
1.667500000000000000e+02
1.667500000000000000e+02
1.667500000000000000e+02
1.667500000000000000e+02
1.660000000000000000e+02
1.660000000000000000e+02
1.662500000000000000e+02
1.657500000000000000e+02
1.657500000000000000e+02
1.660000000000000000e+02
1.657500000000000000e+02
1.657500000000000000e+02
1.657500000000000000e+02
1.662500000000000000e+02
1.662500000000000000e+02
1.662500000000000000e+02
1.665000000000000000e+02
1.675000000000000000e+02
1.675000000000000000e+02
1.672500000000000000e+02
1.677500000000000000e+02
1.677500000000000000e+02
1.670000000000000000e+02
1.657500000000000000e+02
1.657500000000000000e+02
1.670000000000000000e+02
1.665000000000000000e+02
1.665000000000000000e+02
1.667500000000000000e+02
1.665000000000000000e+02
1.675000000000000000e+02
1.675000000000000000e+02
1.672500000000000000e+02
1.672500000000000000e+02
1.672500000000000000e+02
1.677500000000000000e+02
1.660000000000000000e+02
1.660000000000000000e+02
1.670000000000000000e+02
1.670000000000000000e+02
1.670000000000000000e+02
1.680000000000000000e+02
1.692500000000000000e+02
1.685000000000000000e+02
1.685000000000000000e+02
1.690000000000000000e+02
1.690000000000000000e+02
1.690000000000000000e+02
1.687500000000000000e+02
1.690000000000000000e+02
1.700000000000000000e+02
1.700000000000000000e+02
1.695000000000000000e+02
1.700000000000000000e+02
1.700000000000000000e+02
1.702500000000000000e+02
1.695000000000000000e+02
1.697500000000000000e+02
1.697500000000000000e+02
1.702500000000000000e+02
1.705000000000000000e+02
1.705000000000000000e+02
1.707500000000000000e+02
1.705000000000000000e+02
1.712500000000000000e+02
1.712500000000000000e+02
1.705000000000000000e+02
1.710000000000000000e+02
1.710000000000000000e+02
1.712500000000000000e+02
1.715000000000000000e+02
1.720000000000000000e+02
1.720000000000000000e+02
1.715000000000000000e+02
1.715000000000000000e+02
1.715000000000000000e+02
1.715000000000000000e+02
1.722500000000000000e+02
1.722500000000000000e+02
1.725000000000000000e+02
1.720000000000000000e+02
1.725000000000000000e+02
1.725000000000000000e+02
1.732500000000000000e+02
1.720000000000000000e+02
1.717500000000000000e+02
1.717500000000000000e+02
1.722500000000000000e+02
1.717500000000000000e+02
1.717500000000000000e+02
1.712500000000000000e+02
1.727500000000000000e+02
1.727500000000000000e+02
1.727500000000000000e+02
1.712500000000000000e+02
1.710000000000000000e+02
1.710000000000000000e+02
1.710000000000000000e+02
1.720000000000000000e+02
1.717500000000000000e+02
1.717500000000000000e+02
1.717500000000000000e+02
1.717500000000000000e+02
1.717500000000000000e+02
1.722500000000000000e+02
1.717500000000000000e+02
1.730000000000000000e+02
1.730000000000000000e+02
1.725000000000000000e+02
1.732500000000000000e+02
1.732500000000000000e+02
1.735000000000000000e+02
1.735000000000000000e+02
1.730000000000000000e+02
1.730000000000000000e+02
1.730000000000000000e+02
1.732500000000000000e+02
1.725000000000000000e+02
1.725000000000000000e+02
1.712500000000000000e+02
1.737500000000000000e+02
1.737500000000000000e+02
1.727500000000000000e+02
1.737500000000000000e+02
1.737500000000000000e+02
1.737500000000000000e+02
1.725000000000000000e+02
1.730000000000000000e+02
1.730000000000000000e+02
1.735000000000000000e+02
1.735000000000000000e+02
1.727500000000000000e+02
1.727500000000000000e+02
1.737500000000000000e+02
1.737500000000000000e+02
1.737500000000000000e+02
1.737500000000000000e+02
1.740000000000000000e+02
1.735000000000000000e+02
1.735000000000000000e+02
1.740000000000000000e+02
1.737500000000000000e+02
1.740000000000000000e+02
1.740000000000000000e+02
1.740000000000000000e+02
1.737500000000000000e+02
1.737500000000000000e+02
1.737500000000000000e+02
1.745000000000000000e+02
1.742500000000000000e+02
1.742500000000000000e+02
1.735000000000000000e+02
1.745000000000000000e+02
1.752500000000000000e+02
1.752500000000000000e+02
1.737500000000000000e+02
1.745000000000000000e+02
1.745000000000000000e+02
1.745000000000000000e+02
1.735000000000000000e+02
1.740000000000000000e+02
1.740000000000000000e+02
1.745000000000000000e+02
1.742500000000000000e+02
1.742500000000000000e+02
1.755000000000000000e+02
1.730000000000000000e+02
1.750000000000000000e+02
1.750000000000000000e+02
1.747500000000000000e+02
1.750000000000000000e+02
1.747500000000000000e+02
1.747500000000000000e+02
1.752500000000000000e+02
1.752500000000000000e+02
1.752500000000000000e+02
1.752500000000000000e+02
1.760000000000000000e+02
1.755000000000000000e+02
1.755000000000000000e+02
1.760000000000000000e+02
1.755000000000000000e+02
1.760000000000000000e+02
1.760000000000000000e+02
1.762500000000000000e+02
1.762500000000000000e+02
1.755000000000000000e+02
1.755000000000000000e+02
1.760000000000000000e+02
1.755000000000000000e+02
1.755000000000000000e+02
1.755000000000000000e+02
1.762500000000000000e+02
1.750000000000000000e+02
1.757500000000000000e+02
1.757500000000000000e+02
1.745000000000000000e+02
1.755000000000000000e+02
1.755000000000000000e+02
1.755000000000000000e+02
1.752500000000000000e+02
1.750000000000000000e+02
1.750000000000000000e+02
1.757500000000000000e+02
1.750000000000000000e+02
1.750000000000000000e+02
1.752500000000000000e+02
1.737500000000000000e+02
1.752500000000000000e+02
1.752500000000000000e+02
1.757500000000000000e+02
1.750000000000000000e+02
1.760000000000000000e+02
1.760000000000000000e+02
1.747500000000000000e+02
1.750000000000000000e+02
1.750000000000000000e+02
1.735000000000000000e+02
1.750000000000000000e+02
1.745000000000000000e+02
1.745000000000000000e+02
1.750000000000000000e+02
1.745000000000000000e+02
1.747500000000000000e+02
1.747500000000000000e+02
1.745000000000000000e+02
1.742500000000000000e+02
1.742500000000000000e+02
1.747500000000000000e+02
1.737500000000000000e+02
1.735000000000000000e+02
1.735000000000000000e+02
1.742500000000000000e+02
1.742500000000000000e+02
1.745000000000000000e+02
1.745000000000000000e+02
1.740000000000000000e+02
1.737500000000000000e+02
1.737500000000000000e+02
1.745000000000000000e+02
1.732500000000000000e+02
1.742500000000000000e+02
1.742500000000000000e+02
1.740000000000000000e+02
1.737500000000000000e+02
1.750000000000000000e+02
1.750000000000000000e+02
1.737500000000000000e+02
1.747500000000000000e+02
1.747500000000000000e+02
1.740000000000000000e+02
1.745000000000000000e+02
1.745000000000000000e+02
1.745000000000000000e+02
1.747500000000000000e+02
1.752500000000000000e+02
1.747500000000000000e+02
1.747500000000000000e+02
1.747500000000000000e+02
1.750000000000000000e+02
1.750000000000000000e+02
1.747500000000000000e+02
1.747500000000000000e+02
1.745000000000000000e+02
1.745000000000000000e+02
1.745000000000000000e+02
1.755000000000000000e+02
1.732500000000000000e+02
1.732500000000000000e+02
1.745000000000000000e+02
1.745000000000000000e+02
1.745000000000000000e+02
1.725000000000000000e+02
1.740000000000000000e+02
1.732500000000000000e+02
1.732500000000000000e+02
1.732500000000000000e+02
1.727500000000000000e+02
1.725000000000000000e+02
1.725000000000000000e+02
1.725000000000000000e+02
1.720000000000000000e+02
1.720000000000000000e+02
1.710000000000000000e+02
1.717500000000000000e+02
1.720000000000000000e+02
1.720000000000000000e+02
1.727500000000000000e+02
1.730000000000000000e+02
1.730000000000000000e+02
1.722500000000000000e+02
1.727500000000000000e+02
1.722500000000000000e+02
1.722500000000000000e+02
1.730000000000000000e+02
1.725000000000000000e+02
1.725000000000000000e+02
1.725000000000000000e+02
1.722500000000000000e+02
1.720000000000000000e+02
1.720000000000000000e+02
1.727500000000000000e+02
1.725000000000000000e+02
1.725000000000000000e+02
1.730000000000000000e+02
1.725000000000000000e+02
1.717500000000000000e+02
1.717500000000000000e+02
1.722500000000000000e+02
1.707500000000000000e+02
1.722500000000000000e+02
1.722500000000000000e+02
1.712500000000000000e+02
1.715000000000000000e+02
1.715000000000000000e+02
1.707500000000000000e+02
1.725000000000000000e+02
1.725000000000000000e+02
1.725000000000000000e+02
1.722500000000000000e+02
1.722500000000000000e+02
1.722500000000000000e+02
1.725000000000000000e+02
1.727500000000000000e+02
1.722500000000000000e+02
1.722500000000000000e+02
1.725000000000000000e+02
1.727500000000000000e+02
1.727500000000000000e+02
1.725000000000000000e+02
1.745000000000000000e+02
1.715000000000000000e+02
1.715000000000000000e+02
1.722500000000000000e+02
1.720000000000000000e+02
1.720000000000000000e+02
1.715000000000000000e+02
1.707500000000000000e+02
1.700000000000000000e+02
1.700000000000000000e+02
1.695000000000000000e+02
1.695000000000000000e+02
1.695000000000000000e+02
1.697500000000000000e+02
1.700000000000000000e+02
1.705000000000000000e+02
1.705000000000000000e+02
1.700000000000000000e+02
1.697500000000000000e+02
1.697500000000000000e+02
1.702500000000000000e+02
1.705000000000000000e+02
1.705000000000000000e+02
1.705000000000000000e+02
1.710000000000000000e+02
1.715000000000000000e+02
1.715000000000000000e+02
1.695000000000000000e+02
1.705000000000000000e+02
1.700000000000000000e+02
1.700000000000000000e+02
1.707500000000000000e+02
1.712500000000000000e+02
1.712500000000000000e+02
1.707500000000000000e+02
1.705000000000000000e+02
1.705000000000000000e+02
1.707500000000000000e+02
1.710000000000000000e+02
1.702500000000000000e+02
1.702500000000000000e+02
1.715000000000000000e+02
1.715000000000000000e+02
1.715000000000000000e+02
1.712500000000000000e+02
1.712500000000000000e+02
1.722500000000000000e+02
1.722500000000000000e+02
1.687500000000000000e+02
1.702500000000000000e+02
1.702500000000000000e+02
1.705000000000000000e+02
1.700000000000000000e+02
1.702500000000000000e+02
1.702500000000000000e+02
1.690000000000000000e+02
1.687500000000000000e+02
1.687500000000000000e+02
1.690000000000000000e+02
1.682500000000000000e+02
1.682500000000000000e+02
1.682500000000000000e+02
1.677500000000000000e+02
1.675000000000000000e+02
1.675000000000000000e+02
1.675000000000000000e+02
1.667500000000000000e+02
1.667500000000000000e+02
1.667500000000000000e+02
1.680000000000000000e+02
1.680000000000000000e+02
1.672500000000000000e+02
1.680000000000000000e+02
1.680000000000000000e+02
1.675000000000000000e+02
1.675000000000000000e+02
1.637500000000000000e+02
1.637500000000000000e+02
1.650000000000000000e+02
1.642500000000000000e+02
1.642500000000000000e+02
1.622500000000000000e+02
1.630000000000000000e+02
1.630000000000000000e+02
1.620000000000000000e+02
1.612500000000000000e+02
1.612500000000000000e+02
1.615000000000000000e+02
1.617500000000000000e+02
1.617500000000000000e+02
1.625000000000000000e+02
1.630000000000000000e+02
1.630000000000000000e+02
1.652500000000000000e+02
1.617500000000000000e+02
1.617500000000000000e+02
1.642500000000000000e+02
1.640000000000000000e+02
1.642500000000000000e+02
1.642500000000000000e+02
1.650000000000000000e+02
1.642500000000000000e+02
1.642500000000000000e+02
1.640000000000000000e+02
1.625000000000000000e+02
1.625000000000000000e+02
1.630000000000000000e+02
1.620000000000000000e+02
1.620000000000000000e+02
1.637500000000000000e+02
1.640000000000000000e+02
1.640000000000000000e+02
1.625000000000000000e+02
1.650000000000000000e+02
1.650000000000000000e+02
1.645000000000000000e+02
1.637500000000000000e+02
1.637500000000000000e+02
1.630000000000000000e+02
1.647500000000000000e+02
1.610000000000000000e+02
1.610000000000000000e+02
1.617500000000000000e+02
1.630000000000000000e+02
1.630000000000000000e+02
1.632500000000000000e+02
1.630000000000000000e+02
1.630000000000000000e+02
1.632500000000000000e+02
1.635000000000000000e+02
1.635000000000000000e+02
1.640000000000000000e+02
1.640000000000000000e+02
1.640000000000000000e+02
1.647500000000000000e+02
1.642500000000000000e+02
1.642500000000000000e+02
1.650000000000000000e+02
1.632500000000000000e+02
1.632500000000000000e+02
1.637500000000000000e+02
1.635000000000000000e+02
1.635000000000000000e+02
1.642500000000000000e+02
1.642500000000000000e+02
1.662500000000000000e+02
1.662500000000000000e+02
1.637500000000000000e+02
1.657500000000000000e+02
1.657500000000000000e+02
1.667500000000000000e+02
1.665000000000000000e+02
1.665000000000000000e+02
1.660000000000000000e+02
1.672500000000000000e+02
1.670000000000000000e+02
1.670000000000000000e+02
1.672500000000000000e+02
1.672500000000000000e+02
1.672500000000000000e+02
1.667500000000000000e+02
1.670000000000000000e+02
1.670000000000000000e+02
1.675000000000000000e+02
1.680000000000000000e+02
1.680000000000000000e+02
1.670000000000000000e+02
1.680000000000000000e+02
1.682500000000000000e+02
1.682500000000000000e+02
1.685000000000000000e+02
1.675000000000000000e+02
1.675000000000000000e+02
1.677500000000000000e+02
1.682500000000000000e+02
1.682500000000000000e+02
1.687500000000000000e+02
1.690000000000000000e+02
1.685000000000000000e+02
1.685000000000000000e+02
1.690000000000000000e+02
1.692500000000000000e+02
1.692500000000000000e+02
1.692500000000000000e+02
1.700000000000000000e+02
1.687500000000000000e+02
1.687500000000000000e+02
1.687500000000000000e+02
1.695000000000000000e+02
1.695000000000000000e+02
1.690000000000000000e+02
1.710000000000000000e+02
1.710000000000000000e+02
1.685000000000000000e+02
1.705000000000000000e+02
1.707500000000000000e+02
1.707500000000000000e+02
1.697500000000000000e+02
1.710000000000000000e+02
1.710000000000000000e+02
1.702500000000000000e+02
1.710000000000000000e+02
1.707500000000000000e+02
1.707500000000000000e+02
1.712500000000000000e+02
1.702500000000000000e+02
1.702500000000000000e+02
1.710000000000000000e+02
1.712500000000000000e+02
1.712500000000000000e+02
1.712500000000000000e+02
1.705000000000000000e+02
1.717500000000000000e+02
1.717500000000000000e+02
1.715000000000000000e+02
1.722500000000000000e+02
1.722500000000000000e+02
1.722500000000000000e+02
1.715000000000000000e+02
1.732500000000000000e+02
1.732500000000000000e+02
1.720000000000000000e+02
1.720000000000000000e+02
1.727500000000000000e+02
1.727500000000000000e+02
1.717500000000000000e+02
1.737500000000000000e+02
1.730000000000000000e+02
1.730000000000000000e+02
1.725000000000000000e+02
1.717500000000000000e+02
1.717500000000000000e+02
1.735000000000000000e+02
1.727500000000000000e+02
1.727500000000000000e+02
1.727500000000000000e+02
1.727500000000000000e+02
1.725000000000000000e+02
1.725000000000000000e+02
1.732500000000000000e+02
1.730000000000000000e+02
1.732500000000000000e+02
1.732500000000000000e+02
1.730000000000000000e+02
1.735000000000000000e+02
1.735000000000000000e+02
1.735000000000000000e+02
1.727500000000000000e+02
1.732500000000000000e+02
1.732500000000000000e+02
1.722500000000000000e+02
1.727500000000000000e+02
1.730000000000000000e+02
1.730000000000000000e+02
1.720000000000000000e+02
1.730000000000000000e+02
1.730000000000000000e+02
1.727500000000000000e+02
1.727500000000000000e+02
1.722500000000000000e+02
1.722500000000000000e+02
1.725000000000000000e+02
1.727500000000000000e+02
1.727500000000000000e+02
1.732500000000000000e+02
1.732500000000000000e+02
1.732500000000000000e+02
1.732500000000000000e+02
1.737500000000000000e+02
1.737500000000000000e+02
1.737500000000000000e+02
1.737500000000000000e+02
1.745000000000000000e+02
1.732500000000000000e+02
1.732500000000000000e+02
1.737500000000000000e+02
1.730000000000000000e+02
1.740000000000000000e+02
1.740000000000000000e+02
1.742500000000000000e+02
1.725000000000000000e+02
1.725000000000000000e+02
1.732500000000000000e+02
1.742500000000000000e+02
1.742500000000000000e+02
1.742500000000000000e+02
1.737500000000000000e+02
1.730000000000000000e+02
1.730000000000000000e+02
1.720000000000000000e+02
1.737500000000000000e+02
1.730000000000000000e+02
1.730000000000000000e+02
1.732500000000000000e+02
1.710000000000000000e+02
1.725000000000000000e+02
1.725000000000000000e+02
1.730000000000000000e+02
1.725000000000000000e+02
1.725000000000000000e+02
1.737500000000000000e+02
1.730000000000000000e+02
1.720000000000000000e+02
1.720000000000000000e+02
1.720000000000000000e+02
1.720000000000000000e+02
1.720000000000000000e+02
1.720000000000000000e+02
1.720000000000000000e+02
1.720000000000000000e+02
1.720000000000000000e+02
1.720000000000000000e+02
1.730000000000000000e+02
1.730000000000000000e+02
1.717500000000000000e+02
1.730000000000000000e+02
1.732500000000000000e+02
1.732500000000000000e+02
1.712500000000000000e+02
1.732500000000000000e+02
1.722500000000000000e+02
1.722500000000000000e+02
1.737500000000000000e+02
1.730000000000000000e+02
1.730000000000000000e+02
1.707500000000000000e+02
1.725000000000000000e+02
1.725000000000000000e+02
1.725000000000000000e+02
1.735000000000000000e+02
1.742500000000000000e+02
1.742500000000000000e+02
1.760000000000000000e+02
1.725000000000000000e+02
1.745000000000000000e+02
1.745000000000000000e+02
1.737500000000000000e+02
1.725000000000000000e+02
1.737500000000000000e+02
1.737500000000000000e+02
1.730000000000000000e+02
1.722500000000000000e+02
1.722500000000000000e+02
1.712500000000000000e+02
1.715000000000000000e+02
1.715000000000000000e+02
1.717500000000000000e+02
1.710000000000000000e+02
1.692500000000000000e+02
1.692500000000000000e+02
1.717500000000000000e+02
1.720000000000000000e+02
1.730000000000000000e+02
1.730000000000000000e+02
1.727500000000000000e+02
1.732500000000000000e+02
1.732500000000000000e+02
1.722500000000000000e+02
1.730000000000000000e+02
1.732500000000000000e+02
1.732500000000000000e+02
1.737500000000000000e+02
1.740000000000000000e+02
1.740000000000000000e+02
1.747500000000000000e+02
1.735000000000000000e+02
1.742500000000000000e+02
1.742500000000000000e+02
1.740000000000000000e+02
1.745000000000000000e+02
1.737500000000000000e+02
1.737500000000000000e+02
1.752500000000000000e+02
1.760000000000000000e+02
1.760000000000000000e+02
1.755000000000000000e+02
1.762500000000000000e+02
1.757500000000000000e+02
1.757500000000000000e+02
1.767500000000000000e+02
1.762500000000000000e+02
1.767500000000000000e+02
1.767500000000000000e+02
1.775000000000000000e+02
1.775000000000000000e+02
1.762500000000000000e+02
1.762500000000000000e+02
1.775000000000000000e+02
1.770000000000000000e+02
1.755000000000000000e+02
1.755000000000000000e+02
1.775000000000000000e+02
1.747500000000000000e+02
1.747500000000000000e+02
1.770000000000000000e+02
1.775000000000000000e+02
1.762500000000000000e+02
1.762500000000000000e+02
1.767500000000000000e+02
1.772500000000000000e+02
1.770000000000000000e+02
1.770000000000000000e+02
1.770000000000000000e+02
1.772500000000000000e+02
1.780000000000000000e+02
1.780000000000000000e+02
1.777500000000000000e+02
1.792500000000000000e+02
1.772500000000000000e+02
1.772500000000000000e+02
1.785000000000000000e+02
1.787500000000000000e+02
1.787500000000000000e+02
1.787500000000000000e+02
1.785000000000000000e+02
1.782500000000000000e+02
1.782500000000000000e+02
1.785000000000000000e+02
1.782500000000000000e+02
1.785000000000000000e+02
1.785000000000000000e+02
1.790000000000000000e+02
1.780000000000000000e+02
1.780000000000000000e+02
1.780000000000000000e+02
1.777500000000000000e+02
1.772500000000000000e+02
1.780000000000000000e+02
1.780000000000000000e+02
1.782500000000000000e+02
1.772500000000000000e+02
1.772500000000000000e+02
1.772500000000000000e+02
1.770000000000000000e+02
1.780000000000000000e+02
1.777500000000000000e+02
1.777500000000000000e+02
1.777500000000000000e+02
1.777500000000000000e+02
1.785000000000000000e+02
1.785000000000000000e+02
1.780000000000000000e+02
1.780000000000000000e+02
1.785000000000000000e+02
1.785000000000000000e+02
1.782500000000000000e+02
1.780000000000000000e+02
1.780000000000000000e+02
1.785000000000000000e+02
1.785000000000000000e+02
1.790000000000000000e+02
1.785000000000000000e+02
1.785000000000000000e+02
1.780000000000000000e+02
1.800000000000000000e+02
1.800000000000000000e+02
1.795000000000000000e+02
1.795000000000000000e+02
1.800000000000000000e+02
1.800000000000000000e+02
1.785000000000000000e+02
1.762500000000000000e+02
1.760000000000000000e+02
1.760000000000000000e+02
1.775000000000000000e+02
1.775000000000000000e+02
1.770000000000000000e+02
1.770000000000000000e+02
1.770000000000000000e+02
1.780000000000000000e+02
1.780000000000000000e+02
1.780000000000000000e+02
1.762500000000000000e+02
1.775000000000000000e+02
1.775000000000000000e+02
1.767500000000000000e+02
1.770000000000000000e+02
1.770000000000000000e+02
1.770000000000000000e+02
1.777500000000000000e+02
1.777500000000000000e+02
1.782500000000000000e+02
1.782500000000000000e+02
1.780000000000000000e+02
1.777500000000000000e+02
1.780000000000000000e+02
1.780000000000000000e+02
1.782500000000000000e+02
1.790000000000000000e+02
1.775000000000000000e+02
1.775000000000000000e+02
1.772500000000000000e+02
1.822500000000000000e+02
1.822500000000000000e+02
1.822500000000000000e+02
1.822500000000000000e+02
1.822500000000000000e+02
1.822500000000000000e+02
1.822500000000000000e+02
1.880000000000000000e+02
1.880000000000000000e+02
1.880000000000000000e+02
1.880000000000000000e+02
1.880000000000000000e+02
1.772500000000000000e+02
1.772500000000000000e+02
1.775000000000000000e+02
1.770000000000000000e+02
1.775000000000000000e+02
1.775000000000000000e+02
1.772500000000000000e+02
1.785000000000000000e+02
1.772500000000000000e+02
1.772500000000000000e+02
1.792500000000000000e+02
1.780000000000000000e+02
1.792500000000000000e+02
1.792500000000000000e+02
1.790000000000000000e+02
1.787500000000000000e+02
1.790000000000000000e+02
1.790000000000000000e+02
1.787500000000000000e+02
1.792500000000000000e+02
1.787500000000000000e+02
1.787500000000000000e+02
1.795000000000000000e+02
1.795000000000000000e+02
1.795000000000000000e+02
1.795000000000000000e+02
1.797500000000000000e+02
1.787500000000000000e+02
1.787500000000000000e+02
1.805000000000000000e+02
1.797500000000000000e+02
1.797500000000000000e+02
1.795000000000000000e+02
1.795000000000000000e+02
1.797500000000000000e+02
1.797500000000000000e+02
1.780000000000000000e+02
1.780000000000000000e+02
1.795000000000000000e+02
1.795000000000000000e+02
1.795000000000000000e+02
1.795000000000000000e+02
1.800000000000000000e+02
1.785000000000000000e+02
1.785000000000000000e+02
1.797500000000000000e+02
1.797500000000000000e+02
1.792500000000000000e+02
1.802500000000000000e+02
1.802500000000000000e+02
1.800000000000000000e+02
1.805000000000000000e+02
1.805000000000000000e+02
1.795000000000000000e+02
1.800000000000000000e+02
1.802500000000000000e+02
1.802500000000000000e+02
1.805000000000000000e+02
1.797500000000000000e+02
1.812500000000000000e+02
1.812500000000000000e+02
1.805000000000000000e+02
1.805000000000000000e+02
1.805000000000000000e+02
1.807500000000000000e+02
1.807500000000000000e+02
1.802500000000000000e+02
1.812500000000000000e+02
1.807500000000000000e+02
1.807500000000000000e+02
1.787500000000000000e+02
1.817500000000000000e+02
1.807500000000000000e+02
1.807500000000000000e+02
1.812500000000000000e+02
1.805000000000000000e+02
1.800000000000000000e+02
1.800000000000000000e+02
1.802500000000000000e+02
1.802500000000000000e+02
1.797500000000000000e+02
1.797500000000000000e+02
1.795000000000000000e+02
1.787500000000000000e+02
1.795000000000000000e+02
1.795000000000000000e+02
1.800000000000000000e+02
1.797500000000000000e+02
1.792500000000000000e+02
1.792500000000000000e+02
1.807500000000000000e+02
1.800000000000000000e+02
1.800000000000000000e+02
1.802500000000000000e+02
1.810000000000000000e+02
1.805000000000000000e+02
1.805000000000000000e+02
1.805000000000000000e+02
1.802500000000000000e+02
1.820000000000000000e+02
1.802500000000000000e+02
1.802500000000000000e+02
1.807500000000000000e+02
1.807500000000000000e+02
1.807500000000000000e+02
1.807500000000000000e+02
1.810000000000000000e+02
1.812500000000000000e+02
1.800000000000000000e+02
1.800000000000000000e+02
1.812500000000000000e+02
1.795000000000000000e+02
1.792500000000000000e+02
1.792500000000000000e+02
1.795000000000000000e+02
1.800000000000000000e+02
1.792500000000000000e+02
1.792500000000000000e+02
1.790000000000000000e+02
1.802500000000000000e+02
1.777500000000000000e+02
1.777500000000000000e+02
1.782500000000000000e+02
1.782500000000000000e+02
1.782500000000000000e+02
1.767500000000000000e+02
1.775000000000000000e+02
1.775000000000000000e+02
1.790000000000000000e+02
1.790000000000000000e+02
1.767500000000000000e+02
1.775000000000000000e+02
1.775000000000000000e+02
1.775000000000000000e+02
1.777500000000000000e+02
1.802500000000000000e+02
1.802500000000000000e+02
1.755000000000000000e+02
1.772500000000000000e+02
1.780000000000000000e+02
1.780000000000000000e+02
1.775000000000000000e+02
1.775000000000000000e+02
1.770000000000000000e+02
1.770000000000000000e+02
1.760000000000000000e+02
1.757500000000000000e+02
1.772500000000000000e+02
1.772500000000000000e+02
1.765000000000000000e+02
1.760000000000000000e+02
1.760000000000000000e+02
1.762500000000000000e+02
1.760000000000000000e+02
1.765000000000000000e+02
1.765000000000000000e+02
1.765000000000000000e+02
1.767500000000000000e+02
1.762500000000000000e+02
1.762500000000000000e+02
1.762500000000000000e+02
1.765000000000000000e+02
1.772500000000000000e+02
1.772500000000000000e+02
1.757500000000000000e+02
1.762500000000000000e+02
1.762500000000000000e+02
1.765000000000000000e+02
1.760000000000000000e+02
1.762500000000000000e+02
1.762500000000000000e+02
1.765000000000000000e+02
1.767500000000000000e+02
1.767500000000000000e+02
1.767500000000000000e+02
1.765000000000000000e+02
1.765000000000000000e+02
1.765000000000000000e+02
1.765000000000000000e+02
1.765000000000000000e+02
1.747500000000000000e+02
1.760000000000000000e+02
1.760000000000000000e+02
1.725000000000000000e+02
1.712500000000000000e+02
1.712500000000000000e+02
1.702500000000000000e+02
1.730000000000000000e+02
1.730000000000000000e+02
1.682500000000000000e+02
1.712500000000000000e+02
1.707500000000000000e+02
1.707500000000000000e+02
1.727500000000000000e+02
1.722500000000000000e+02
1.722500000000000000e+02
1.722500000000000000e+02
1.725000000000000000e+02
1.732500000000000000e+02
1.732500000000000000e+02
1.720000000000000000e+02
1.730000000000000000e+02
1.735000000000000000e+02
1.735000000000000000e+02
1.732500000000000000e+02
1.737500000000000000e+02
1.737500000000000000e+02
1.737500000000000000e+02
1.740000000000000000e+02
1.745000000000000000e+02
1.745000000000000000e+02
1.740000000000000000e+02
1.755000000000000000e+02
1.735000000000000000e+02
1.735000000000000000e+02
1.747500000000000000e+02
1.747500000000000000e+02
1.747500000000000000e+02
1.737500000000000000e+02
1.735000000000000000e+02
1.740000000000000000e+02
1.740000000000000000e+02
1.730000000000000000e+02
1.735000000000000000e+02
1.730000000000000000e+02
1.730000000000000000e+02
1.735000000000000000e+02
1.730000000000000000e+02
1.730000000000000000e+02
1.737500000000000000e+02
1.735000000000000000e+02
1.735000000000000000e+02
1.735000000000000000e+02
1.735000000000000000e+02
1.737500000000000000e+02
1.737500000000000000e+02
1.735000000000000000e+02
1.740000000000000000e+02
1.740000000000000000e+02
1.740000000000000000e+02
1.725000000000000000e+02
1.735000000000000000e+02
1.735000000000000000e+02
1.727500000000000000e+02
1.720000000000000000e+02
1.717500000000000000e+02
1.717500000000000000e+02
1.720000000000000000e+02
1.717500000000000000e+02
1.717500000000000000e+02
1.710000000000000000e+02
1.705000000000000000e+02
1.712500000000000000e+02
1.712500000000000000e+02
1.705000000000000000e+02
1.702500000000000000e+02
1.702500000000000000e+02
1.687500000000000000e+02
1.697500000000000000e+02
1.690000000000000000e+02
1.690000000000000000e+02
1.690000000000000000e+02
1.692500000000000000e+02
1.692500000000000000e+02
1.672500000000000000e+02
1.697500000000000000e+02
1.670000000000000000e+02
1.670000000000000000e+02
1.672500000000000000e+02
1.675000000000000000e+02
1.675000000000000000e+02
1.672500000000000000e+02
1.667500000000000000e+02
1.667500000000000000e+02
1.665000000000000000e+02
1.652500000000000000e+02
1.652500000000000000e+02
1.655000000000000000e+02
1.630000000000000000e+02
1.630000000000000000e+02
1.642500000000000000e+02
1.625000000000000000e+02
1.625000000000000000e+02
1.625000000000000000e+02
1.585000000000000000e+02
1.585000000000000000e+02
1.595000000000000000e+02
1.605000000000000000e+02
1.622500000000000000e+02
1.622500000000000000e+02
1.630000000000000000e+02
1.615000000000000000e+02
1.615000000000000000e+02
1.615000000000000000e+02
1.615000000000000000e+02
1.617500000000000000e+02
1.612500000000000000e+02
1.625000000000000000e+02
1.625000000000000000e+02
1.610000000000000000e+02
1.617500000000000000e+02
1.617500000000000000e+02
1.612500000000000000e+02
1.610000000000000000e+02
1.610000000000000000e+02
1.617500000000000000e+02
1.622500000000000000e+02
1.622500000000000000e+02
1.622500000000000000e+02
1.620000000000000000e+02
1.620000000000000000e+02
1.630000000000000000e+02
1.622500000000000000e+02
1.622500000000000000e+02
1.635000000000000000e+02
1.615000000000000000e+02
1.615000000000000000e+02
1.615000000000000000e+02
1.600000000000000000e+02
1.600000000000000000e+02
1.610000000000000000e+02
1.605000000000000000e+02
1.605000000000000000e+02
1.610000000000000000e+02
1.602500000000000000e+02
1.602500000000000000e+02
1.600000000000000000e+02
1.602500000000000000e+02
1.602500000000000000e+02
1.602500000000000000e+02
1.605000000000000000e+02
1.605000000000000000e+02
1.610000000000000000e+02
1.607500000000000000e+02
1.607500000000000000e+02
1.602500000000000000e+02
1.585000000000000000e+02
1.585000000000000000e+02
1.560000000000000000e+02
1.570000000000000000e+02
1.570000000000000000e+02
1.572500000000000000e+02
1.570000000000000000e+02
1.570000000000000000e+02
1.557500000000000000e+02
1.547500000000000000e+02
1.547500000000000000e+02
1.562500000000000000e+02
1.555000000000000000e+02
1.555000000000000000e+02
1.550000000000000000e+02
1.560000000000000000e+02
1.560000000000000000e+02
1.522500000000000000e+02
1.522500000000000000e+02
1.545000000000000000e+02
1.492500000000000000e+02
1.492500000000000000e+02
1.412500000000000000e+02
1.412500000000000000e+02
1.347500000000000000e+02
1.340000000000000000e+02
1.340000000000000000e+02
1.370000000000000000e+02
1.370000000000000000e+02
1.395000000000000000e+02
1.395000000000000000e+02
1.422500000000000000e+02
1.425000000000000000e+02
1.425000000000000000e+02
1.535000000000000000e+02
1.537500000000000000e+02
1.537500000000000000e+02
1.570000000000000000e+02
1.570000000000000000e+02
1.560000000000000000e+02
1.572500000000000000e+02
1.572500000000000000e+02
1.562500000000000000e+02
1.577500000000000000e+02
1.577500000000000000e+02
1.582500000000000000e+02
1.572500000000000000e+02
1.572500000000000000e+02
1.557500000000000000e+02
1.542500000000000000e+02
1.542500000000000000e+02
1.492500000000000000e+02
1.507500000000000000e+02
1.507500000000000000e+02
1.530000000000000000e+02
1.530000000000000000e+02
1.545000000000000000e+02
1.542500000000000000e+02
1.542500000000000000e+02
1.552500000000000000e+02
1.532500000000000000e+02
1.532500000000000000e+02
1.530000000000000000e+02
1.520000000000000000e+02
1.520000000000000000e+02
1.540000000000000000e+02
1.540000000000000000e+02
1.505000000000000000e+02
1.512500000000000000e+02
1.512500000000000000e+02
1.480000000000000000e+02
1.480000000000000000e+02
1.442500000000000000e+02
1.435000000000000000e+02
1.435000000000000000e+02
1.397500000000000000e+02
1.397500000000000000e+02
1.432500000000000000e+02
1.440000000000000000e+02
1.440000000000000000e+02
1.445000000000000000e+02
1.445000000000000000e+02
1.437500000000000000e+02
1.457500000000000000e+02
1.457500000000000000e+02
1.467500000000000000e+02
1.475000000000000000e+02
1.475000000000000000e+02
1.497500000000000000e+02
1.497500000000000000e+02
1.485000000000000000e+02
1.497500000000000000e+02
1.497500000000000000e+02
1.490000000000000000e+02
1.495000000000000000e+02
1.495000000000000000e+02
1.512500000000000000e+02
1.512500000000000000e+02
1.495000000000000000e+02
1.505000000000000000e+02
1.505000000000000000e+02
1.457500000000000000e+02
1.457500000000000000e+02
1.495000000000000000e+02
1.457500000000000000e+02
1.457500000000000000e+02
1.452500000000000000e+02
1.377500000000000000e+02
1.377500000000000000e+02
1.375000000000000000e+02
1.375000000000000000e+02
1.420000000000000000e+02
1.420000000000000000e+02
1.427500000000000000e+02
1.467500000000000000e+02
1.467500000000000000e+02
1.462500000000000000e+02
1.462500000000000000e+02
1.450000000000000000e+02
1.440000000000000000e+02
1.440000000000000000e+02
1.392500000000000000e+02
1.392500000000000000e+02
1.357500000000000000e+02
1.357500000000000000e+02
1.320000000000000000e+02
1.282500000000000000e+02
1.282500000000000000e+02
1.297500000000000000e+02
1.297500000000000000e+02
1.352500000000000000e+02
1.352500000000000000e+02
1.365000000000000000e+02
1.400000000000000000e+02
1.400000000000000000e+02
1.407500000000000000e+02
1.407500000000000000e+02
1.452500000000000000e+02
1.430000000000000000e+02
1.430000000000000000e+02
1.427500000000000000e+02
1.427500000000000000e+02
1.412500000000000000e+02
1.412500000000000000e+02
1.397500000000000000e+02
1.397500000000000000e+02
1.320000000000000000e+02
1.242500000000000000e+02
1.242500000000000000e+02
1.275000000000000000e+02
1.275000000000000000e+02
1.320000000000000000e+02
1.320000000000000000e+02
1.385000000000000000e+02
1.422500000000000000e+02
1.422500000000000000e+02
1.422500000000000000e+02
1.422500000000000000e+02
1.450000000000000000e+02
1.470000000000000000e+02
1.470000000000000000e+02
1.475000000000000000e+02
1.475000000000000000e+02
1.452500000000000000e+02
1.420000000000000000e+02
1.420000000000000000e+02
1.422500000000000000e+02
1.422500000000000000e+02
1.415000000000000000e+02
1.415000000000000000e+02
1.310000000000000000e+02
1.310000000000000000e+02
1.180000000000000000e+02
1.180000000000000000e+02
1.295000000000000000e+02
1.287500000000000000e+02
1.287500000000000000e+02
1.322500000000000000e+02
1.322500000000000000e+02
1.342500000000000000e+02
1.342500000000000000e+02
1.397500000000000000e+02
1.397500000000000000e+02
1.405000000000000000e+02
1.422500000000000000e+02
1.422500000000000000e+02
1.352500000000000000e+02
1.352500000000000000e+02
1.272500000000000000e+02
1.272500000000000000e+02
1.235000000000000000e+02
1.235000000000000000e+02
1.275000000000000000e+02
1.275000000000000000e+02
1.250000000000000000e+02
1.275000000000000000e+02
1.275000000000000000e+02
1.287500000000000000e+02
1.287500000000000000e+02
1.320000000000000000e+02
1.320000000000000000e+02
1.295000000000000000e+02
1.295000000000000000e+02
1.195000000000000000e+02
1.195000000000000000e+02
1.130000000000000000e+02
1.130000000000000000e+02
1.172500000000000000e+02
1.172500000000000000e+02
1.210000000000000000e+02
1.210000000000000000e+02
1.312500000000000000e+02
1.312500000000000000e+02
1.397500000000000000e+02
1.430000000000000000e+02
1.430000000000000000e+02
1.430000000000000000e+02
1.430000000000000000e+02
1.430000000000000000e+02
1.430000000000000000e+02
1.430000000000000000e+02
1.430000000000000000e+02
1.430000000000000000e+02
1.212500000000000000e+02
1.212500000000000000e+02
1.317500000000000000e+02
1.317500000000000000e+02
1.400000000000000000e+02
1.400000000000000000e+02
1.475000000000000000e+02
1.477500000000000000e+02
1.477500000000000000e+02
1.495000000000000000e+02
1.495000000000000000e+02
1.495000000000000000e+02
1.472500000000000000e+02
1.472500000000000000e+02
1.470000000000000000e+02
1.467500000000000000e+02
1.467500000000000000e+02
1.322500000000000000e+02
1.322500000000000000e+02
1.322500000000000000e+02
1.322500000000000000e+02
1.322500000000000000e+02
1.050000000000000000e+02
1.050000000000000000e+02
1.060000000000000000e+02
1.060000000000000000e+02
1.072500000000000000e+02
1.072500000000000000e+02
1.135000000000000000e+02
1.135000000000000000e+02
1.135000000000000000e+02
1.147500000000000000e+02
1.147500000000000000e+02
1.150000000000000000e+02
1.285000000000000000e+02
1.285000000000000000e+02
1.332500000000000000e+02
1.332500000000000000e+02
1.090000000000000000e+02
1.090000000000000000e+02
1.090000000000000000e+02
1.065000000000000000e+02
1.065000000000000000e+02
1.082500000000000000e+02
1.082500000000000000e+02
1.150000000000000000e+02
1.150000000000000000e+02
1.150000000000000000e+02
1.150000000000000000e+02
1.150000000000000000e+02
1.150000000000000000e+02
1.220000000000000000e+02
1.220000000000000000e+02
1.255000000000000000e+02
1.255000000000000000e+02
1.220000000000000000e+02
1.220000000000000000e+02
1.220000000000000000e+02
1.220000000000000000e+02
1.220000000000000000e+02
1.220000000000000000e+02
1.220000000000000000e+02
1.220000000000000000e+02
1.220000000000000000e+02
1.220000000000000000e+02
1.220000000000000000e+02
1.220000000000000000e+02
1.220000000000000000e+02
1.147500000000000000e+02
1.147500000000000000e+02
1.137500000000000000e+02
1.137500000000000000e+02
1.115000000000000000e+02
1.115000000000000000e+02
1.117500000000000000e+02
1.117500000000000000e+02
1.115000000000000000e+02
1.115000000000000000e+02
1.115000000000000000e+02
1.095000000000000000e+02
1.095000000000000000e+02
1.090000000000000000e+02
1.090000000000000000e+02
1.057500000000000000e+02
1.057500000000000000e+02
1.012500000000000000e+02
1.012500000000000000e+02
1.012500000000000000e+02
1.067500000000000000e+02
1.067500000000000000e+02
1.115000000000000000e+02
1.115000000000000000e+02
1.092500000000000000e+02
1.092500000000000000e+02
1.077500000000000000e+02
1.077500000000000000e+02
1.077500000000000000e+02
1.090000000000000000e+02
1.090000000000000000e+02
1.092500000000000000e+02
1.092500000000000000e+02
1.087500000000000000e+02
1.087500000000000000e+02
1.077500000000000000e+02
1.077500000000000000e+02
1.067500000000000000e+02
1.067500000000000000e+02
1.067500000000000000e+02
1.065000000000000000e+02
1.065000000000000000e+02
1.060000000000000000e+02
1.060000000000000000e+02
1.072500000000000000e+02
1.072500000000000000e+02
1.072500000000000000e+02
1.042500000000000000e+02
1.042500000000000000e+02
1.007500000000000000e+02
1.007500000000000000e+02
1.002500000000000000e+02
1.002500000000000000e+02
1.002500000000000000e+02
1.007500000000000000e+02
1.007500000000000000e+02
1.002500000000000000e+02
1.002500000000000000e+02
1.002500000000000000e+02
9.725000000000000000e+01
9.725000000000000000e+01
9.550000000000000000e+01
9.550000000000000000e+01
9.550000000000000000e+01
9.500000000000000000e+01
9.500000000000000000e+01
9.375000000000000000e+01
9.375000000000000000e+01
9.375000000000000000e+01
9.500000000000000000e+01
9.500000000000000000e+01
9.875000000000000000e+01
9.875000000000000000e+01
9.875000000000000000e+01
9.775000000000000000e+01
9.775000000000000000e+01
9.925000000000000000e+01
9.925000000000000000e+01
1.000000000000000000e+02
1.000000000000000000e+02
1.000000000000000000e+02
9.600000000000000000e+01
9.600000000000000000e+01
9.575000000000000000e+01
9.575000000000000000e+01
9.575000000000000000e+01
9.775000000000000000e+01
9.775000000000000000e+01
9.700000000000000000e+01
9.700000000000000000e+01
9.700000000000000000e+01
9.525000000000000000e+01
9.525000000000000000e+01
9.400000000000000000e+01
9.400000000000000000e+01
9.400000000000000000e+01
9.625000000000000000e+01
9.625000000000000000e+01
1.000000000000000000e+02
1.000000000000000000e+02
1.000000000000000000e+02
9.925000000000000000e+01
9.925000000000000000e+01
1.000000000000000000e+02
1.000000000000000000e+02
1.012500000000000000e+02
1.012500000000000000e+02
1.012500000000000000e+02
9.975000000000000000e+01
9.975000000000000000e+01
9.925000000000000000e+01
9.925000000000000000e+01
9.925000000000000000e+01
1.020000000000000000e+02
1.020000000000000000e+02
9.975000000000000000e+01
9.975000000000000000e+01
9.925000000000000000e+01
9.925000000000000000e+01
9.925000000000000000e+01
9.975000000000000000e+01
9.975000000000000000e+01
1.000000000000000000e+02
1.000000000000000000e+02
1.000000000000000000e+02
9.800000000000000000e+01
9.800000000000000000e+01
9.725000000000000000e+01
9.725000000000000000e+01
9.725000000000000000e+01
9.775000000000000000e+01
9.775000000000000000e+01
9.850000000000000000e+01
9.850000000000000000e+01
1.010000000000000000e+02
1.010000000000000000e+02
1.010000000000000000e+02
9.975000000000000000e+01
9.975000000000000000e+01
9.850000000000000000e+01
9.850000000000000000e+01
9.850000000000000000e+01
9.775000000000000000e+01
9.775000000000000000e+01
9.725000000000000000e+01
9.725000000000000000e+01
9.725000000000000000e+01
9.675000000000000000e+01
9.675000000000000000e+01
9.750000000000000000e+01
9.750000000000000000e+01
9.750000000000000000e+01
9.675000000000000000e+01
9.675000000000000000e+01
9.800000000000000000e+01
9.800000000000000000e+01
9.800000000000000000e+01
9.500000000000000000e+01
9.500000000000000000e+01
9.800000000000000000e+01
9.800000000000000000e+01
9.825000000000000000e+01
9.825000000000000000e+01
9.825000000000000000e+01
1.012500000000000000e+02
1.012500000000000000e+02
1.025000000000000000e+02
1.025000000000000000e+02
1.010000000000000000e+02
1.010000000000000000e+02
1.010000000000000000e+02
1.022500000000000000e+02
1.022500000000000000e+02
1.032500000000000000e+02
1.032500000000000000e+02
1.032500000000000000e+02
1.040000000000000000e+02
1.040000000000000000e+02
1.022500000000000000e+02
1.022500000000000000e+02
1.022500000000000000e+02
1.022500000000000000e+02
1.022500000000000000e+02
1.022500000000000000e+02
1.022500000000000000e+02
1.022500000000000000e+02
1.022500000000000000e+02
1.022500000000000000e+02
1.022500000000000000e+02
1.022500000000000000e+02
1.022500000000000000e+02
1.022500000000000000e+02
1.022500000000000000e+02
1.022500000000000000e+02
1.022500000000000000e+02
1.022500000000000000e+02
1.067500000000000000e+02
1.067500000000000000e+02
1.067500000000000000e+02
1.067500000000000000e+02
1.067500000000000000e+02
1.080000000000000000e+02
1.080000000000000000e+02
1.050000000000000000e+02
1.050000000000000000e+02
1.055000000000000000e+02
1.055000000000000000e+02
1.055000000000000000e+02
1.047500000000000000e+02
1.047500000000000000e+02
1.047500000000000000e+02
1.047500000000000000e+02
1.047500000000000000e+02
1.047500000000000000e+02
1.047500000000000000e+02
1.047500000000000000e+02
1.047500000000000000e+02
1.047500000000000000e+02
1.047500000000000000e+02
1.047500000000000000e+02
1.047500000000000000e+02
1.047500000000000000e+02
1.047500000000000000e+02
1.047500000000000000e+02
1.047500000000000000e+02
1.047500000000000000e+02
1.047500000000000000e+02
1.132500000000000000e+02
1.132500000000000000e+02
1.140000000000000000e+02
1.140000000000000000e+02
1.147500000000000000e+02
1.147500000000000000e+02
1.147500000000000000e+02
1.165000000000000000e+02
1.165000000000000000e+02
1.160000000000000000e+02
1.160000000000000000e+02
1.162500000000000000e+02
1.162500000000000000e+02
1.125000000000000000e+02
1.125000000000000000e+02
1.125000000000000000e+02
1.125000000000000000e+02
1.125000000000000000e+02
1.125000000000000000e+02
1.125000000000000000e+02
1.125000000000000000e+02
1.125000000000000000e+02
1.125000000000000000e+02
1.125000000000000000e+02
1.120000000000000000e+02
1.120000000000000000e+02
1.142500000000000000e+02
1.142500000000000000e+02
1.175000000000000000e+02
1.175000000000000000e+02
1.210000000000000000e+02
1.210000000000000000e+02
1.207500000000000000e+02
1.207500000000000000e+02
1.232500000000000000e+02
1.232500000000000000e+02
1.210000000000000000e+02
1.485000000000000000e+02
1.485000000000000000e+02
1.532500000000000000e+02
1.570000000000000000e+02
1.570000000000000000e+02
1.562500000000000000e+02
1.542500000000000000e+02
1.542500000000000000e+02
1.565000000000000000e+02
1.550000000000000000e+02
1.550000000000000000e+02
1.517500000000000000e+02
1.517500000000000000e+02
1.427500000000000000e+02
1.427500000000000000e+02
1.257500000000000000e+02
1.257500000000000000e+02
1.235000000000000000e+02
1.322500000000000000e+02
1.322500000000000000e+02
1.357500000000000000e+02
1.357500000000000000e+02
1.342500000000000000e+02
1.342500000000000000e+02
1.397500000000000000e+02
1.470000000000000000e+02
1.470000000000000000e+02
1.502500000000000000e+02
1.502500000000000000e+02
1.547500000000000000e+02
1.547500000000000000e+02
1.547500000000000000e+02
1.587500000000000000e+02
1.612500000000000000e+02
1.612500000000000000e+02
1.627500000000000000e+02
1.640000000000000000e+02
1.640000000000000000e+02
1.640000000000000000e+02
1.660000000000000000e+02
1.640000000000000000e+02
1.640000000000000000e+02
1.640000000000000000e+02
1.657500000000000000e+02
1.657500000000000000e+02
1.672500000000000000e+02
1.655000000000000000e+02
1.680000000000000000e+02
1.680000000000000000e+02
1.675000000000000000e+02
1.675000000000000000e+02
1.675000000000000000e+02
1.672500000000000000e+02
1.637500000000000000e+02
1.637500000000000000e+02
1.625000000000000000e+02
1.632500000000000000e+02
1.632500000000000000e+02
1.632500000000000000e+02
1.657500000000000000e+02
1.657500000000000000e+02
1.637500000000000000e+02
1.655000000000000000e+02
1.655000000000000000e+02
1.617500000000000000e+02
1.627500000000000000e+02
1.627500000000000000e+02
1.635000000000000000e+02
1.607500000000000000e+02
1.607500000000000000e+02
1.607500000000000000e+02
1.615000000000000000e+02
1.615000000000000000e+02
1.615000000000000000e+02
1.612500000000000000e+02
1.612500000000000000e+02
1.592500000000000000e+02
1.502500000000000000e+02
1.502500000000000000e+02
1.490000000000000000e+02
1.505000000000000000e+02
1.505000000000000000e+02
1.512500000000000000e+02
1.532500000000000000e+02
1.532500000000000000e+02
1.570000000000000000e+02
1.570000000000000000e+02
1.597500000000000000e+02
1.612500000000000000e+02
1.642500000000000000e+02
1.642500000000000000e+02
1.645000000000000000e+02
1.677500000000000000e+02
1.677500000000000000e+02
1.700000000000000000e+02
1.692500000000000000e+02
1.692500000000000000e+02
1.702500000000000000e+02
1.720000000000000000e+02
1.707500000000000000e+02
1.707500000000000000e+02
1.735000000000000000e+02
1.717500000000000000e+02
1.717500000000000000e+02
1.732500000000000000e+02
1.720000000000000000e+02
1.740000000000000000e+02
1.740000000000000000e+02
1.707500000000000000e+02
1.722500000000000000e+02
1.725000000000000000e+02
1.725000000000000000e+02
1.742500000000000000e+02
1.725000000000000000e+02
1.725000000000000000e+02
1.732500000000000000e+02
1.727500000000000000e+02
1.720000000000000000e+02
1.720000000000000000e+02
1.727500000000000000e+02
1.732500000000000000e+02
1.732500000000000000e+02
1.707500000000000000e+02
1.727500000000000000e+02
1.712500000000000000e+02
1.712500000000000000e+02
1.720000000000000000e+02
1.705000000000000000e+02
1.705000000000000000e+02
1.705000000000000000e+02
1.687500000000000000e+02
1.702500000000000000e+02
1.702500000000000000e+02
1.690000000000000000e+02
1.700000000000000000e+02
1.700000000000000000e+02
1.702500000000000000e+02
1.707500000000000000e+02
1.705000000000000000e+02
1.705000000000000000e+02
1.710000000000000000e+02
1.672500000000000000e+02
1.672500000000000000e+02
1.705000000000000000e+02
1.702500000000000000e+02
1.715000000000000000e+02
1.715000000000000000e+02
1.730000000000000000e+02
1.732500000000000000e+02
1.732500000000000000e+02
1.715000000000000000e+02
1.742500000000000000e+02
1.735000000000000000e+02
1.735000000000000000e+02
1.742500000000000000e+02
1.742500000000000000e+02
1.742500000000000000e+02
1.732500000000000000e+02
1.750000000000000000e+02
1.745000000000000000e+02
1.745000000000000000e+02
1.745000000000000000e+02
1.735000000000000000e+02
1.735000000000000000e+02
1.732500000000000000e+02
1.720000000000000000e+02
1.727500000000000000e+02
1.727500000000000000e+02
1.742500000000000000e+02
1.727500000000000000e+02
1.737500000000000000e+02
1.737500000000000000e+02
1.735000000000000000e+02
1.735000000000000000e+02
1.735000000000000000e+02
1.730000000000000000e+02
1.715000000000000000e+02
1.732500000000000000e+02
1.732500000000000000e+02
1.690000000000000000e+02
1.687500000000000000e+02
1.687500000000000000e+02
1.687500000000000000e+02
1.695000000000000000e+02
1.695000000000000000e+02
1.685000000000000000e+02
1.662500000000000000e+02
1.680000000000000000e+02
1.680000000000000000e+02
1.687500000000000000e+02
1.697500000000000000e+02
1.697500000000000000e+02
1.687500000000000000e+02
1.705000000000000000e+02
1.710000000000000000e+02
1.710000000000000000e+02
1.720000000000000000e+02
1.712500000000000000e+02
1.712500000000000000e+02
1.740000000000000000e+02
1.725000000000000000e+02
1.735000000000000000e+02
1.735000000000000000e+02
1.742500000000000000e+02
1.737500000000000000e+02
1.725000000000000000e+02
1.725000000000000000e+02
1.735000000000000000e+02
1.732500000000000000e+02
1.732500000000000000e+02
1.737500000000000000e+02
1.735000000000000000e+02
1.737500000000000000e+02
1.737500000000000000e+02
1.745000000000000000e+02
1.752500000000000000e+02
1.752500000000000000e+02
1.740000000000000000e+02
1.720000000000000000e+02
1.712500000000000000e+02
1.712500000000000000e+02
1.722500000000000000e+02
1.710000000000000000e+02
1.710000000000000000e+02
1.715000000000000000e+02
1.700000000000000000e+02
1.730000000000000000e+02
1.730000000000000000e+02
1.717500000000000000e+02
1.697500000000000000e+02
1.697500000000000000e+02
1.705000000000000000e+02
1.722500000000000000e+02
1.705000000000000000e+02
1.705000000000000000e+02
1.707500000000000000e+02
1.695000000000000000e+02
1.695000000000000000e+02
1.707500000000000000e+02
1.687500000000000000e+02
1.710000000000000000e+02
1.710000000000000000e+02
1.685000000000000000e+02
1.705000000000000000e+02
1.705000000000000000e+02
1.715000000000000000e+02
1.725000000000000000e+02
1.730000000000000000e+02
1.730000000000000000e+02
1.725000000000000000e+02
1.722500000000000000e+02
1.722500000000000000e+02
1.725000000000000000e+02
1.712500000000000000e+02
1.705000000000000000e+02
1.705000000000000000e+02
1.717500000000000000e+02
1.717500000000000000e+02
1.717500000000000000e+02
1.715000000000000000e+02
1.717500000000000000e+02
1.710000000000000000e+02
1.710000000000000000e+02
1.692500000000000000e+02
1.685000000000000000e+02
1.685000000000000000e+02
1.690000000000000000e+02
1.692500000000000000e+02
1.715000000000000000e+02
1.715000000000000000e+02
1.677500000000000000e+02
1.707500000000000000e+02
1.707500000000000000e+02
1.705000000000000000e+02
1.705000000000000000e+02
1.705000000000000000e+02
1.710000000000000000e+02
1.715000000000000000e+02
1.710000000000000000e+02
1.710000000000000000e+02
1.755000000000000000e+02
1.665000000000000000e+02
1.665000000000000000e+02
1.705000000000000000e+02
1.687500000000000000e+02
1.707500000000000000e+02
1.707500000000000000e+02
1.657500000000000000e+02
1.675000000000000000e+02
1.675000000000000000e+02
1.677500000000000000e+02
1.710000000000000000e+02
1.710000000000000000e+02
1.697500000000000000e+02
1.667500000000000000e+02
1.647500000000000000e+02
1.647500000000000000e+02
1.642500000000000000e+02
1.605000000000000000e+02
1.605000000000000000e+02
1.597500000000000000e+02
1.592500000000000000e+02
1.592500000000000000e+02
1.600000000000000000e+02
1.635000000000000000e+02
1.635000000000000000e+02
1.615000000000000000e+02
1.610000000000000000e+02
1.610000000000000000e+02
1.610000000000000000e+02
1.617500000000000000e+02
1.617500000000000000e+02
1.635000000000000000e+02
1.627500000000000000e+02
1.627500000000000000e+02
1.627500000000000000e+02
1.585000000000000000e+02
1.585000000000000000e+02
1.580000000000000000e+02
1.522500000000000000e+02
1.522500000000000000e+02
1.492500000000000000e+02
1.492500000000000000e+02
1.515000000000000000e+02
1.535000000000000000e+02
1.535000000000000000e+02
1.550000000000000000e+02
1.557500000000000000e+02
1.557500000000000000e+02
1.562500000000000000e+02
1.575000000000000000e+02
1.575000000000000000e+02
1.595000000000000000e+02
1.605000000000000000e+02
1.605000000000000000e+02
1.585000000000000000e+02
1.615000000000000000e+02
1.615000000000000000e+02
1.615000000000000000e+02
1.607500000000000000e+02
1.607500000000000000e+02
1.622500000000000000e+02
1.605000000000000000e+02
1.605000000000000000e+02
1.567500000000000000e+02
1.577500000000000000e+02
1.577500000000000000e+02
1.545000000000000000e+02
1.502500000000000000e+02
1.502500000000000000e+02
1.397500000000000000e+02
1.397500000000000000e+02
1.462500000000000000e+02
1.460000000000000000e+02
1.460000000000000000e+02
1.460000000000000000e+02
1.460000000000000000e+02
1.480000000000000000e+02
1.487500000000000000e+02
1.487500000000000000e+02
1.502500000000000000e+02
1.505000000000000000e+02
1.505000000000000000e+02
1.560000000000000000e+02
1.637500000000000000e+02
1.637500000000000000e+02
1.605000000000000000e+02
1.637500000000000000e+02
1.637500000000000000e+02
1.612500000000000000e+02
1.632500000000000000e+02
1.632500000000000000e+02
1.607500000000000000e+02
1.617500000000000000e+02
1.617500000000000000e+02
1.627500000000000000e+02
1.620000000000000000e+02
1.620000000000000000e+02
1.610000000000000000e+02
1.590000000000000000e+02
1.590000000000000000e+02
1.575000000000000000e+02
1.557500000000000000e+02
1.557500000000000000e+02
1.495000000000000000e+02
1.495000000000000000e+02
1.385000000000000000e+02
1.385000000000000000e+02
1.287500000000000000e+02
1.335000000000000000e+02
1.335000000000000000e+02
1.345000000000000000e+02
1.345000000000000000e+02
1.342500000000000000e+02
1.342500000000000000e+02
1.365000000000000000e+02
1.380000000000000000e+02
1.380000000000000000e+02
1.400000000000000000e+02
1.400000000000000000e+02
1.405000000000000000e+02
1.405000000000000000e+02
1.415000000000000000e+02
1.412500000000000000e+02
1.412500000000000000e+02
1.472500000000000000e+02
1.472500000000000000e+02
1.500000000000000000e+02
1.512500000000000000e+02
1.512500000000000000e+02
1.495000000000000000e+02
1.412500000000000000e+02
1.412500000000000000e+02
1.412500000000000000e+02
1.412500000000000000e+02
1.412500000000000000e+02
1.412500000000000000e+02
1.412500000000000000e+02
1.412500000000000000e+02
1.412500000000000000e+02
1.270000000000000000e+02
1.270000000000000000e+02
1.267500000000000000e+02
1.267500000000000000e+02
1.327500000000000000e+02
1.327500000000000000e+02
1.340000000000000000e+02
1.340000000000000000e+02
1.397500000000000000e+02
1.520000000000000000e+02
1.520000000000000000e+02
1.525000000000000000e+02
1.552500000000000000e+02
1.552500000000000000e+02
1.547500000000000000e+02
1.545000000000000000e+02
1.545000000000000000e+02
1.542500000000000000e+02
1.542500000000000000e+02
1.530000000000000000e+02
1.535000000000000000e+02
1.535000000000000000e+02
1.535000000000000000e+02
1.520000000000000000e+02
1.520000000000000000e+02
1.492500000000000000e+02
1.492500000000000000e+02
1.445000000000000000e+02
1.415000000000000000e+02
1.415000000000000000e+02
1.395000000000000000e+02
1.395000000000000000e+02
1.272500000000000000e+02
1.272500000000000000e+02
1.222500000000000000e+02
1.222500000000000000e+02
1.220000000000000000e+02
1.220000000000000000e+02
1.272500000000000000e+02
1.270000000000000000e+02
1.270000000000000000e+02
1.325000000000000000e+02
1.325000000000000000e+02
1.375000000000000000e+02
1.375000000000000000e+02
1.402500000000000000e+02
1.472500000000000000e+02
1.472500000000000000e+02
1.507500000000000000e+02
1.507500000000000000e+02
1.515000000000000000e+02
1.540000000000000000e+02
1.540000000000000000e+02
1.515000000000000000e+02
1.520000000000000000e+02
1.520000000000000000e+02
1.507500000000000000e+02
1.507500000000000000e+02
1.507500000000000000e+02
1.512500000000000000e+02
1.512500000000000000e+02
1.525000000000000000e+02
1.532500000000000000e+02
1.532500000000000000e+02
1.477500000000000000e+02
1.490000000000000000e+02
1.490000000000000000e+02
1.497500000000000000e+02
1.497500000000000000e+02
1.527500000000000000e+02
1.530000000000000000e+02
1.530000000000000000e+02
1.530000000000000000e+02
1.515000000000000000e+02
1.515000000000000000e+02
1.522500000000000000e+02
1.522500000000000000e+02
1.522500000000000000e+02
1.512500000000000000e+02
1.512500000000000000e+02
1.505000000000000000e+02
1.537500000000000000e+02
1.537500000000000000e+02
1.552500000000000000e+02
1.542500000000000000e+02
1.542500000000000000e+02
1.550000000000000000e+02
1.550000000000000000e+02
1.560000000000000000e+02
1.577500000000000000e+02
1.560000000000000000e+02
1.560000000000000000e+02
1.562500000000000000e+02
1.562500000000000000e+02
1.575000000000000000e+02
1.585000000000000000e+02
1.597500000000000000e+02
1.597500000000000000e+02
1.582500000000000000e+02
1.582500000000000000e+02
1.617500000000000000e+02
1.620000000000000000e+02
1.640000000000000000e+02
1.640000000000000000e+02
1.655000000000000000e+02
1.655000000000000000e+02
1.655000000000000000e+02
1.665000000000000000e+02
1.650000000000000000e+02
1.650000000000000000e+02
1.665000000000000000e+02
1.642500000000000000e+02
1.642500000000000000e+02
1.630000000000000000e+02
1.597500000000000000e+02
1.597500000000000000e+02
1.615000000000000000e+02
1.615000000000000000e+02
1.615000000000000000e+02
1.645000000000000000e+02
1.640000000000000000e+02
1.640000000000000000e+02
1.650000000000000000e+02
1.642500000000000000e+02
1.647500000000000000e+02
1.647500000000000000e+02
1.635000000000000000e+02
1.632500000000000000e+02
1.632500000000000000e+02
1.635000000000000000e+02
1.597500000000000000e+02
1.597500000000000000e+02
1.590000000000000000e+02
1.597500000000000000e+02
1.597500000000000000e+02
1.582500000000000000e+02
1.590000000000000000e+02
1.590000000000000000e+02
1.607500000000000000e+02
1.625000000000000000e+02
1.625000000000000000e+02
1.625000000000000000e+02
1.637500000000000000e+02
1.637500000000000000e+02
1.655000000000000000e+02
1.662500000000000000e+02
1.662500000000000000e+02
1.655000000000000000e+02
1.662500000000000000e+02
1.662500000000000000e+02
1.652500000000000000e+02
1.665000000000000000e+02
1.655000000000000000e+02
1.655000000000000000e+02
1.672500000000000000e+02
1.662500000000000000e+02
1.662500000000000000e+02
1.695000000000000000e+02
1.682500000000000000e+02
1.697500000000000000e+02
1.697500000000000000e+02
1.702500000000000000e+02
1.700000000000000000e+02
1.700000000000000000e+02
1.690000000000000000e+02
1.687500000000000000e+02
1.687500000000000000e+02
1.677500000000000000e+02
1.677500000000000000e+02
1.675000000000000000e+02
1.675000000000000000e+02
1.692500000000000000e+02
1.677500000000000000e+02
1.677500000000000000e+02
1.692500000000000000e+02
1.680000000000000000e+02
1.680000000000000000e+02
1.685000000000000000e+02
1.682500000000000000e+02
1.682500000000000000e+02
1.692500000000000000e+02
1.700000000000000000e+02
1.705000000000000000e+02
1.705000000000000000e+02
1.692500000000000000e+02
1.702500000000000000e+02
1.702500000000000000e+02
1.712500000000000000e+02
1.725000000000000000e+02
1.705000000000000000e+02
1.705000000000000000e+02
1.725000000000000000e+02
1.722500000000000000e+02
1.730000000000000000e+02
1.730000000000000000e+02
1.712500000000000000e+02
1.722500000000000000e+02
1.722500000000000000e+02
1.720000000000000000e+02
1.730000000000000000e+02
1.725000000000000000e+02
1.725000000000000000e+02
1.737500000000000000e+02
1.730000000000000000e+02
1.730000000000000000e+02
1.750000000000000000e+02
1.715000000000000000e+02
1.700000000000000000e+02
1.700000000000000000e+02
1.715000000000000000e+02
1.717500000000000000e+02
1.717500000000000000e+02
1.727500000000000000e+02
1.720000000000000000e+02
1.722500000000000000e+02
1.722500000000000000e+02
1.742500000000000000e+02
1.730000000000000000e+02
1.730000000000000000e+02
1.737500000000000000e+02
1.727500000000000000e+02
1.727500000000000000e+02
1.727500000000000000e+02
1.722500000000000000e+02
1.740000000000000000e+02
1.737500000000000000e+02
1.737500000000000000e+02
1.742500000000000000e+02
1.742500000000000000e+02
1.752500000000000000e+02
1.752500000000000000e+02
1.755000000000000000e+02
1.755000000000000000e+02
1.755000000000000000e+02
1.765000000000000000e+02
1.762500000000000000e+02
1.765000000000000000e+02
1.765000000000000000e+02
1.760000000000000000e+02
1.765000000000000000e+02
1.765000000000000000e+02
1.757500000000000000e+02
1.757500000000000000e+02
1.775000000000000000e+02
1.775000000000000000e+02
1.760000000000000000e+02
1.767500000000000000e+02
1.777500000000000000e+02
1.777500000000000000e+02
1.762500000000000000e+02
1.770000000000000000e+02
1.770000000000000000e+02
1.770000000000000000e+02
1.780000000000000000e+02
1.765000000000000000e+02
1.775000000000000000e+02
1.775000000000000000e+02
1.772500000000000000e+02
1.785000000000000000e+02
1.797500000000000000e+02
1.797500000000000000e+02
1.770000000000000000e+02
1.792500000000000000e+02
1.785000000000000000e+02
1.785000000000000000e+02
1.795000000000000000e+02
1.797500000000000000e+02
1.792500000000000000e+02
1.792500000000000000e+02
1.792500000000000000e+02
1.782500000000000000e+02
1.782500000000000000e+02
1.785000000000000000e+02
1.792500000000000000e+02
1.795000000000000000e+02
1.795000000000000000e+02
1.787500000000000000e+02
1.785000000000000000e+02
1.805000000000000000e+02
1.805000000000000000e+02
1.797500000000000000e+02
1.802500000000000000e+02
1.795000000000000000e+02
1.795000000000000000e+02
1.792500000000000000e+02
1.795000000000000000e+02
1.797500000000000000e+02
1.800000000000000000e+02
1.800000000000000000e+02
1.805000000000000000e+02
1.807500000000000000e+02
1.807500000000000000e+02
1.802500000000000000e+02
1.792500000000000000e+02
1.795000000000000000e+02
1.795000000000000000e+02
1.802500000000000000e+02
1.807500000000000000e+02
1.810000000000000000e+02
1.810000000000000000e+02
1.810000000000000000e+02
1.807500000000000000e+02
1.812500000000000000e+02
1.812500000000000000e+02
1.800000000000000000e+02
1.805000000000000000e+02
1.800000000000000000e+02
1.800000000000000000e+02
1.822500000000000000e+02
1.817500000000000000e+02
1.815000000000000000e+02
1.815000000000000000e+02
1.825000000000000000e+02
1.805000000000000000e+02
1.810000000000000000e+02
1.815000000000000000e+02
1.815000000000000000e+02
1.815000000000000000e+02
1.810000000000000000e+02
1.817500000000000000e+02
1.817500000000000000e+02
1.822500000000000000e+02
1.817500000000000000e+02
1.817500000000000000e+02
1.817500000000000000e+02
1.815000000000000000e+02
1.820000000000000000e+02
1.820000000000000000e+02
1.820000000000000000e+02
1.822500000000000000e+02
1.820000000000000000e+02
1.820000000000000000e+02
1.820000000000000000e+02
1.807500000000000000e+02
1.820000000000000000e+02
1.815000000000000000e+02
1.815000000000000000e+02
1.820000000000000000e+02
1.827500000000000000e+02
1.817500000000000000e+02
1.817500000000000000e+02
1.822500000000000000e+02
1.825000000000000000e+02
1.810000000000000000e+02
1.810000000000000000e+02
1.815000000000000000e+02
1.817500000000000000e+02
1.822500000000000000e+02
1.820000000000000000e+02
1.820000000000000000e+02
1.822500000000000000e+02
1.830000000000000000e+02
1.822500000000000000e+02
1.822500000000000000e+02
1.815000000000000000e+02
1.827500000000000000e+02
1.830000000000000000e+02
1.830000000000000000e+02
1.827500000000000000e+02
1.825000000000000000e+02
1.835000000000000000e+02
1.835000000000000000e+02
1.832500000000000000e+02
1.835000000000000000e+02
1.832500000000000000e+02
1.832500000000000000e+02
1.827500000000000000e+02
1.822500000000000000e+02
1.815000000000000000e+02
1.825000000000000000e+02
1.825000000000000000e+02
1.812500000000000000e+02
1.822500000000000000e+02
1.815000000000000000e+02
1.815000000000000000e+02
1.822500000000000000e+02
1.817500000000000000e+02
1.822500000000000000e+02
1.822500000000000000e+02
1.817500000000000000e+02
1.840000000000000000e+02
1.815000000000000000e+02
1.815000000000000000e+02
1.832500000000000000e+02
1.832500000000000000e+02
1.835000000000000000e+02
1.835000000000000000e+02
1.837500000000000000e+02
1.822500000000000000e+02
1.830000000000000000e+02
1.832500000000000000e+02
1.832500000000000000e+02
1.832500000000000000e+02
1.835000000000000000e+02
1.815000000000000000e+02
1.815000000000000000e+02
1.825000000000000000e+02
1.827500000000000000e+02
1.832500000000000000e+02
1.832500000000000000e+02
1.830000000000000000e+02
1.832500000000000000e+02
1.827500000000000000e+02
1.827500000000000000e+02
1.835000000000000000e+02
1.832500000000000000e+02
1.817500000000000000e+02
1.817500000000000000e+02
1.827500000000000000e+02
1.832500000000000000e+02
1.825000000000000000e+02
1.827500000000000000e+02
1.827500000000000000e+02
1.827500000000000000e+02
1.827500000000000000e+02
1.830000000000000000e+02
1.830000000000000000e+02
1.827500000000000000e+02
1.832500000000000000e+02
1.830000000000000000e+02
1.830000000000000000e+02
1.832500000000000000e+02
1.830000000000000000e+02
1.832500000000000000e+02
1.832500000000000000e+02
1.832500000000000000e+02
1.830000000000000000e+02
1.835000000000000000e+02
1.835000000000000000e+02
1.835000000000000000e+02
1.840000000000000000e+02
1.837500000000000000e+02
1.835000000000000000e+02
1.835000000000000000e+02
1.835000000000000000e+02
1.840000000000000000e+02
1.842500000000000000e+02
1.842500000000000000e+02
1.830000000000000000e+02
1.842500000000000000e+02
1.835000000000000000e+02
1.835000000000000000e+02
1.837500000000000000e+02
1.832500000000000000e+02
1.835000000000000000e+02
1.827500000000000000e+02
1.827500000000000000e+02
1.830000000000000000e+02
1.827500000000000000e+02
1.825000000000000000e+02
1.825000000000000000e+02
1.827500000000000000e+02
1.825000000000000000e+02
1.852500000000000000e+02
1.852500000000000000e+02
1.800000000000000000e+02
1.820000000000000000e+02
1.820000000000000000e+02
1.820000000000000000e+02
1.822500000000000000e+02
1.845000000000000000e+02
1.802500000000000000e+02
1.802500000000000000e+02
1.815000000000000000e+02
1.817500000000000000e+02
1.820000000000000000e+02
1.820000000000000000e+02
1.820000000000000000e+02
1.820000000000000000e+02
1.825000000000000000e+02
1.825000000000000000e+02
1.822500000000000000e+02
1.825000000000000000e+02
1.825000000000000000e+02
1.817500000000000000e+02
1.817500000000000000e+02
1.827500000000000000e+02
1.820000000000000000e+02
1.820000000000000000e+02
1.835000000000000000e+02
1.822500000000000000e+02
1.820000000000000000e+02
1.820000000000000000e+02
1.820000000000000000e+02
1.827500000000000000e+02
1.832500000000000000e+02
1.822500000000000000e+02
1.822500000000000000e+02
1.820000000000000000e+02
1.835000000000000000e+02
1.840000000000000000e+02
1.840000000000000000e+02
1.840000000000000000e+02
1.840000000000000000e+02
1.840000000000000000e+02
1.840000000000000000e+02
1.840000000000000000e+02
1.840000000000000000e+02
1.840000000000000000e+02
1.840000000000000000e+02
1.840000000000000000e+02
1.840000000000000000e+02
1.840000000000000000e+02
1.840000000000000000e+02
1.840000000000000000e+02
1.840000000000000000e+02
1.840000000000000000e+02
1.840000000000000000e+02
1.840000000000000000e+02
1.830000000000000000e+02
1.830000000000000000e+02
1.830000000000000000e+02
1.830000000000000000e+02
1.830000000000000000e+02
1.830000000000000000e+02
1.830000000000000000e+02
1.830000000000000000e+02
1.830000000000000000e+02
1.830000000000000000e+02
1.850000000000000000e+02
1.837500000000000000e+02
1.837500000000000000e+02
1.840000000000000000e+02
1.827500000000000000e+02
1.832500000000000000e+02
1.832500000000000000e+02
1.830000000000000000e+02
1.830000000000000000e+02
1.827500000000000000e+02
1.827500000000000000e+02
1.825000000000000000e+02
1.830000000000000000e+02
1.830000000000000000e+02
1.830000000000000000e+02
1.825000000000000000e+02
1.820000000000000000e+02
1.820000000000000000e+02
1.820000000000000000e+02
1.820000000000000000e+02
1.820000000000000000e+02
1.820000000000000000e+02
1.820000000000000000e+02
1.820000000000000000e+02
1.820000000000000000e+02
1.820000000000000000e+02
1.820000000000000000e+02
1.820000000000000000e+02
1.820000000000000000e+02
1.819531250000000000e+02
1.819062500000000000e+02
1.818593750000000000e+02
1.818125000000000000e+02
1.817656250000000000e+02
1.817187500000000000e+02
1.816718750000000000e+02
1.816250000000000000e+02
1.815781250000000000e+02
1.815312500000000000e+02
1.814843750000000000e+02
1.814375000000000000e+02
1.813906250000000000e+02
1.813437500000000000e+02
1.812968750000000000e+02
1.812500000000000000e+02
1.825000000000000000e+02
1.810000000000000000e+02
1.810000000000000000e+02
1.817500000000000000e+02
1.820000000000000000e+02
1.812500000000000000e+02
1.812500000000000000e+02
1.822500000000000000e+02
1.812500000000000000e+02
1.825000000000000000e+02
1.807500000000000000e+02
1.807500000000000000e+02
1.817500000000000000e+02
1.810000000000000000e+02
1.810000000000000000e+02
1.810000000000000000e+02
1.815000000000000000e+02
1.815000000000000000e+02
1.812500000000000000e+02
1.812500000000000000e+02
1.810000000000000000e+02
1.810000000000000000e+02
1.817500000000000000e+02
1.817500000000000000e+02
1.815000000000000000e+02
1.812500000000000000e+02
1.815000000000000000e+02
1.815000000000000000e+02
1.810000000000000000e+02
1.807500000000000000e+02
1.815000000000000000e+02
1.815000000000000000e+02
1.812500000000000000e+02
1.812500000000000000e+02
1.800000000000000000e+02
1.800000000000000000e+02
1.807500000000000000e+02
1.807500000000000000e+02
1.802500000000000000e+02
1.802500000000000000e+02
1.802500000000000000e+02
1.805000000000000000e+02
1.805000000000000000e+02
1.805000000000000000e+02
1.802500000000000000e+02
1.805000000000000000e+02
1.802500000000000000e+02
1.802500000000000000e+02
1.805000000000000000e+02
1.807500000000000000e+02
1.802500000000000000e+02
1.802500000000000000e+02
1.807500000000000000e+02
1.797500000000000000e+02
1.802500000000000000e+02
1.802500000000000000e+02
1.785000000000000000e+02
1.800000000000000000e+02
1.792500000000000000e+02
1.792500000000000000e+02
1.795000000000000000e+02
1.792500000000000000e+02
1.787500000000000000e+02
1.787500000000000000e+02
1.785000000000000000e+02
1.790000000000000000e+02
1.792500000000000000e+02
1.792500000000000000e+02
1.797500000000000000e+02
1.780000000000000000e+02
1.790000000000000000e+02
1.790000000000000000e+02
1.787500000000000000e+02
1.792500000000000000e+02
1.790000000000000000e+02
1.790000000000000000e+02
1.795000000000000000e+02
1.795000000000000000e+02
1.792500000000000000e+02
1.792500000000000000e+02
1.795000000000000000e+02
1.800000000000000000e+02
1.795000000000000000e+02
1.795000000000000000e+02
1.807500000000000000e+02
1.792500000000000000e+02
1.795000000000000000e+02
1.795000000000000000e+02
1.800000000000000000e+02
1.797500000000000000e+02
1.797500000000000000e+02
1.797500000000000000e+02
1.800000000000000000e+02
1.797500000000000000e+02
1.797500000000000000e+02
1.792500000000000000e+02
1.795000000000000000e+02
1.787500000000000000e+02
1.795000000000000000e+02
1.795000000000000000e+02
1.790000000000000000e+02
1.792500000000000000e+02
1.805000000000000000e+02
1.805000000000000000e+02
1.777500000000000000e+02
1.785000000000000000e+02
1.782500000000000000e+02
1.782500000000000000e+02
1.777500000000000000e+02
1.777500000000000000e+02
1.777500000000000000e+02
1.772500000000000000e+02
1.772500000000000000e+02
1.772500000000000000e+02
1.772500000000000000e+02
1.772500000000000000e+02
1.777500000000000000e+02
1.772500000000000000e+02
1.772500000000000000e+02
1.767500000000000000e+02
1.785000000000000000e+02
1.775000000000000000e+02
1.775000000000000000e+02
1.762500000000000000e+02
1.770000000000000000e+02
1.770000000000000000e+02
1.770000000000000000e+02
1.762500000000000000e+02
1.755000000000000000e+02
1.755000000000000000e+02
1.757500000000000000e+02
1.767500000000000000e+02
1.760000000000000000e+02
1.760000000000000000e+02
1.765000000000000000e+02
1.762500000000000000e+02
1.767500000000000000e+02
1.767500000000000000e+02
1.762500000000000000e+02
1.760000000000000000e+02
1.757500000000000000e+02
1.757500000000000000e+02
1.762500000000000000e+02
1.765000000000000000e+02
1.752500000000000000e+02
1.752500000000000000e+02
1.755000000000000000e+02
1.752500000000000000e+02
1.752500000000000000e+02
1.737500000000000000e+02
1.750000000000000000e+02
1.745000000000000000e+02
1.745000000000000000e+02
1.742500000000000000e+02
1.740000000000000000e+02
1.740000000000000000e+02
1.730000000000000000e+02
1.720000000000000000e+02
1.712500000000000000e+02
1.712500000000000000e+02
1.697500000000000000e+02
1.690000000000000000e+02
1.690000000000000000e+02
1.712500000000000000e+02
1.692500000000000000e+02
1.705000000000000000e+02
1.705000000000000000e+02
1.695000000000000000e+02
1.707500000000000000e+02
1.707500000000000000e+02
1.702500000000000000e+02
1.715000000000000000e+02
1.705000000000000000e+02
1.705000000000000000e+02
1.712500000000000000e+02
1.700000000000000000e+02
1.700000000000000000e+02
1.697500000000000000e+02
1.720000000000000000e+02
1.710000000000000000e+02
1.710000000000000000e+02
1.702500000000000000e+02
1.710000000000000000e+02
1.710000000000000000e+02
1.705000000000000000e+02
1.702500000000000000e+02
1.697500000000000000e+02
1.697500000000000000e+02
1.700000000000000000e+02
1.697500000000000000e+02
1.697500000000000000e+02
1.687500000000000000e+02
1.695000000000000000e+02
1.692500000000000000e+02
1.692500000000000000e+02
1.687500000000000000e+02
1.692500000000000000e+02
1.692500000000000000e+02
1.685000000000000000e+02
1.695000000000000000e+02
1.695000000000000000e+02
1.677500000000000000e+02
1.680000000000000000e+02
1.670000000000000000e+02
1.670000000000000000e+02
1.675000000000000000e+02
1.670000000000000000e+02
1.670000000000000000e+02
1.672500000000000000e+02
1.672500000000000000e+02
1.672500000000000000e+02
1.660000000000000000e+02
1.657500000000000000e+02
1.657500000000000000e+02
1.652500000000000000e+02
1.637500000000000000e+02
1.600000000000000000e+02
1.600000000000000000e+02
1.612500000000000000e+02
1.637500000000000000e+02
1.637500000000000000e+02
1.650000000000000000e+02
1.650000000000000000e+02
1.642500000000000000e+02
1.652500000000000000e+02
1.657500000000000000e+02
1.657500000000000000e+02
1.655000000000000000e+02
1.665000000000000000e+02
1.665000000000000000e+02
1.660000000000000000e+02
1.667500000000000000e+02
1.665000000000000000e+02
1.665000000000000000e+02
1.667500000000000000e+02
1.672500000000000000e+02
1.672500000000000000e+02
1.670000000000000000e+02
1.660000000000000000e+02
1.660000000000000000e+02
1.632500000000000000e+02
1.640000000000000000e+02
1.640000000000000000e+02
1.632500000000000000e+02
1.622500000000000000e+02
1.622500000000000000e+02
1.627500000000000000e+02
1.642500000000000000e+02
1.630000000000000000e+02
1.630000000000000000e+02
1.630000000000000000e+02
1.630000000000000000e+02
1.630000000000000000e+02
1.630000000000000000e+02
1.630000000000000000e+02
1.630000000000000000e+02
1.630000000000000000e+02
1.630000000000000000e+02
1.630000000000000000e+02
1.630000000000000000e+02
1.630000000000000000e+02
1.630000000000000000e+02
1.630000000000000000e+02
1.670000000000000000e+02
1.672500000000000000e+02
1.672500000000000000e+02
1.690000000000000000e+02
1.687500000000000000e+02
1.687500000000000000e+02
1.692500000000000000e+02
1.697500000000000000e+02
1.697500000000000000e+02
1.715000000000000000e+02
1.692500000000000000e+02
1.705000000000000000e+02
1.705000000000000000e+02
1.712500000000000000e+02
1.710000000000000000e+02
1.710000000000000000e+02
1.697500000000000000e+02
1.697500000000000000e+02
1.697500000000000000e+02
1.697500000000000000e+02
1.697500000000000000e+02
1.697500000000000000e+02
1.675000000000000000e+02
1.680000000000000000e+02
1.687500000000000000e+02
1.687500000000000000e+02
1.692500000000000000e+02
1.690000000000000000e+02
1.690000000000000000e+02
1.687500000000000000e+02
1.667500000000000000e+02
1.692500000000000000e+02
1.692500000000000000e+02
1.697500000000000000e+02
1.682500000000000000e+02
1.682500000000000000e+02
1.675000000000000000e+02
1.667500000000000000e+02
1.687500000000000000e+02
1.687500000000000000e+02
1.685000000000000000e+02
1.680000000000000000e+02
1.680000000000000000e+02
1.705000000000000000e+02
1.702500000000000000e+02
1.702500000000000000e+02
1.707500000000000000e+02
1.707500000000000000e+02
1.715000000000000000e+02
1.715000000000000000e+02
1.715000000000000000e+02
1.725000000000000000e+02
1.725000000000000000e+02
1.722500000000000000e+02
1.730000000000000000e+02
1.730000000000000000e+02
1.725000000000000000e+02
1.717500000000000000e+02
1.715000000000000000e+02
1.715000000000000000e+02
1.712500000000000000e+02
1.717500000000000000e+02
1.715000000000000000e+02
1.715000000000000000e+02
1.715000000000000000e+02
1.722500000000000000e+02
1.722500000000000000e+02
1.720000000000000000e+02
1.717500000000000000e+02
1.715000000000000000e+02
1.715000000000000000e+02
1.727500000000000000e+02
1.695000000000000000e+02
1.695000000000000000e+02
1.695000000000000000e+02
1.702500000000000000e+02
1.687500000000000000e+02
1.687500000000000000e+02
1.710000000000000000e+02
1.700000000000000000e+02
1.700000000000000000e+02
1.712500000000000000e+02
1.707500000000000000e+02
1.717500000000000000e+02
1.717500000000000000e+02
1.712500000000000000e+02
1.720000000000000000e+02
1.720000000000000000e+02
1.725000000000000000e+02
1.722500000000000000e+02
1.720000000000000000e+02
1.720000000000000000e+02
1.730000000000000000e+02
1.727500000000000000e+02
1.727500000000000000e+02
1.735000000000000000e+02
1.732500000000000000e+02
1.730000000000000000e+02
1.730000000000000000e+02
1.732500000000000000e+02
1.735000000000000000e+02
1.715000000000000000e+02
1.715000000000000000e+02
1.742500000000000000e+02
1.730000000000000000e+02
1.730000000000000000e+02
1.732500000000000000e+02
1.732500000000000000e+02
1.735000000000000000e+02
1.735000000000000000e+02
1.732500000000000000e+02
1.742500000000000000e+02
1.742500000000000000e+02
1.727500000000000000e+02
1.740000000000000000e+02
1.745000000000000000e+02
1.745000000000000000e+02
1.740000000000000000e+02
1.740000000000000000e+02
1.740000000000000000e+02
1.737500000000000000e+02
1.745000000000000000e+02
1.727500000000000000e+02
1.727500000000000000e+02
1.732500000000000000e+02
1.727500000000000000e+02
1.740000000000000000e+02
1.740000000000000000e+02
1.737500000000000000e+02
1.740000000000000000e+02
1.740000000000000000e+02
1.735000000000000000e+02
1.740000000000000000e+02
1.742500000000000000e+02
1.742500000000000000e+02
1.740000000000000000e+02
1.737500000000000000e+02
1.735000000000000000e+02
1.735000000000000000e+02
1.750000000000000000e+02
1.750000000000000000e+02
1.750000000000000000e+02
1.740000000000000000e+02
1.750000000000000000e+02
1.750000000000000000e+02
1.750000000000000000e+02
1.747500000000000000e+02
1.760000000000000000e+02
1.760000000000000000e+02
1.752500000000000000e+02
1.755000000000000000e+02
1.757500000000000000e+02
1.757500000000000000e+02
1.760000000000000000e+02
1.765000000000000000e+02
1.765000000000000000e+02
1.765000000000000000e+02
1.755000000000000000e+02
1.777500000000000000e+02
1.762500000000000000e+02
1.762500000000000000e+02
1.767500000000000000e+02
1.767500000000000000e+02
1.772500000000000000e+02
1.772500000000000000e+02
1.762500000000000000e+02
1.760000000000000000e+02
1.767500000000000000e+02
1.767500000000000000e+02
1.765000000000000000e+02
1.762500000000000000e+02
1.770000000000000000e+02
1.770000000000000000e+02
1.762500000000000000e+02
1.762500000000000000e+02
1.762500000000000000e+02
1.765000000000000000e+02
1.755000000000000000e+02
1.765000000000000000e+02
1.765000000000000000e+02
1.772500000000000000e+02
1.772500000000000000e+02
1.770000000000000000e+02
1.770000000000000000e+02
1.770000000000000000e+02
1.770000000000000000e+02
1.772500000000000000e+02
1.772500000000000000e+02
1.777500000000000000e+02
1.782500000000000000e+02
1.782500000000000000e+02
1.770000000000000000e+02
1.770000000000000000e+02
1.785000000000000000e+02
1.785000000000000000e+02
1.772500000000000000e+02
1.770000000000000000e+02
1.767500000000000000e+02
1.767500000000000000e+02
1.767500000000000000e+02
1.772500000000000000e+02
1.772500000000000000e+02
1.772500000000000000e+02
1.772500000000000000e+02
1.765000000000000000e+02
1.762500000000000000e+02
1.762500000000000000e+02
1.762500000000000000e+02
1.765000000000000000e+02
1.765000000000000000e+02
1.765000000000000000e+02
1.765000000000000000e+02
1.772500000000000000e+02
1.772500000000000000e+02
1.767500000000000000e+02
1.767500000000000000e+02
1.775000000000000000e+02
1.775000000000000000e+02
1.780000000000000000e+02
1.780000000000000000e+02
1.775000000000000000e+02
1.775000000000000000e+02
1.777500000000000000e+02
1.780000000000000000e+02
1.782500000000000000e+02
1.782500000000000000e+02
1.780000000000000000e+02
1.780000000000000000e+02
1.782500000000000000e+02
1.782500000000000000e+02
1.782500000000000000e+02
1.785000000000000000e+02
1.787500000000000000e+02
1.787500000000000000e+02
1.792500000000000000e+02
1.792500000000000000e+02
1.792500000000000000e+02
1.790000000000000000e+02
1.807500000000000000e+02
1.777500000000000000e+02
1.797500000000000000e+02
1.797500000000000000e+02
1.792500000000000000e+02
1.795000000000000000e+02
1.795000000000000000e+02
1.790000000000000000e+02
1.795000000000000000e+02
1.800000000000000000e+02
1.800000000000000000e+02
1.782500000000000000e+02
1.795000000000000000e+02
1.790000000000000000e+02
1.790000000000000000e+02
1.797500000000000000e+02
1.785000000000000000e+02
1.792500000000000000e+02
1.797500000000000000e+02
1.797500000000000000e+02
1.792500000000000000e+02
1.800000000000000000e+02
1.800000000000000000e+02
1.782500000000000000e+02
1.762500000000000000e+02
1.757500000000000000e+02
1.757500000000000000e+02
1.770000000000000000e+02
1.775000000000000000e+02
1.767500000000000000e+02
1.767500000000000000e+02
1.782500000000000000e+02
1.770000000000000000e+02
1.777500000000000000e+02
1.777500000000000000e+02
1.775000000000000000e+02
1.772500000000000000e+02
1.772500000000000000e+02
1.780000000000000000e+02
1.782500000000000000e+02
1.777500000000000000e+02
1.777500000000000000e+02
1.780000000000000000e+02
1.780000000000000000e+02
1.782500000000000000e+02
1.782500000000000000e+02
1.782500000000000000e+02
1.782500000000000000e+02
1.787500000000000000e+02
1.787500000000000000e+02
1.790000000000000000e+02
1.787500000000000000e+02
1.790000000000000000e+02
1.790000000000000000e+02
1.807500000000000000e+02
1.775000000000000000e+02
1.795000000000000000e+02
1.795000000000000000e+02
1.787500000000000000e+02
1.790000000000000000e+02
1.797500000000000000e+02
1.797500000000000000e+02
1.800000000000000000e+02
1.800000000000000000e+02
1.795000000000000000e+02
1.795000000000000000e+02
1.802500000000000000e+02
1.792500000000000000e+02
1.802500000000000000e+02
1.802500000000000000e+02
1.802500000000000000e+02
1.805000000000000000e+02
1.805000000000000000e+02
1.805000000000000000e+02
1.810000000000000000e+02
1.810000000000000000e+02
1.812500000000000000e+02
1.812500000000000000e+02
1.815000000000000000e+02
1.812500000000000000e+02
1.815000000000000000e+02
1.815000000000000000e+02
1.817500000000000000e+02
1.817500000000000000e+02
1.815000000000000000e+02
1.815000000000000000e+02
1.820000000000000000e+02
1.817500000000000000e+02
1.815000000000000000e+02
1.815000000000000000e+02
1.807500000000000000e+02
1.827500000000000000e+02
1.817500000000000000e+02
1.812500000000000000e+02
1.812500000000000000e+02
1.817500000000000000e+02
1.815000000000000000e+02
1.807500000000000000e+02
1.807500000000000000e+02
1.810000000000000000e+02
1.812500000000000000e+02
1.807500000000000000e+02
1.807500000000000000e+02
1.797500000000000000e+02
1.807500000000000000e+02
1.805000000000000000e+02
1.805000000000000000e+02
1.807500000000000000e+02
1.805000000000000000e+02
1.800000000000000000e+02
1.800000000000000000e+02
1.800000000000000000e+02
1.807500000000000000e+02
1.805000000000000000e+02
1.805000000000000000e+02
1.802500000000000000e+02
1.802500000000000000e+02
1.797500000000000000e+02
1.797500000000000000e+02
1.795000000000000000e+02
1.792500000000000000e+02
1.795000000000000000e+02
1.795000000000000000e+02
1.795000000000000000e+02
1.797500000000000000e+02
1.822500000000000000e+02
1.822500000000000000e+02
1.767500000000000000e+02
1.792500000000000000e+02
1.792500000000000000e+02
1.792500000000000000e+02
1.785000000000000000e+02
1.782500000000000000e+02
1.782500000000000000e+02
1.787500000000000000e+02
1.790000000000000000e+02
1.785000000000000000e+02
1.787500000000000000e+02
1.787500000000000000e+02
1.785000000000000000e+02
1.782500000000000000e+02
1.782500000000000000e+02
1.782500000000000000e+02
1.785000000000000000e+02
1.787500000000000000e+02
1.787500000000000000e+02
1.785000000000000000e+02
1.785000000000000000e+02
1.785000000000000000e+02
1.785000000000000000e+02
1.777500000000000000e+02
1.800000000000000000e+02
1.790000000000000000e+02
1.790000000000000000e+02
1.785000000000000000e+02
1.790000000000000000e+02
1.782500000000000000e+02
1.782500000000000000e+02
1.787500000000000000e+02
1.790000000000000000e+02
1.787500000000000000e+02
1.787500000000000000e+02
1.790000000000000000e+02
1.780000000000000000e+02
1.782500000000000000e+02
1.782500000000000000e+02
1.777500000000000000e+02
1.785000000000000000e+02
1.785000000000000000e+02
1.785000000000000000e+02
1.787500000000000000e+02
1.785000000000000000e+02
1.785000000000000000e+02
1.785000000000000000e+02
1.787500000000000000e+02
1.787500000000000000e+02
1.790000000000000000e+02
1.790000000000000000e+02
1.790000000000000000e+02
1.790000000000000000e+02
1.792500000000000000e+02
1.792500000000000000e+02
1.790000000000000000e+02
1.787500000000000000e+02
1.790000000000000000e+02
1.790000000000000000e+02
1.795000000000000000e+02
1.792500000000000000e+02
1.790000000000000000e+02
1.790000000000000000e+02
1.792500000000000000e+02
1.792500000000000000e+02
1.792500000000000000e+02
1.792500000000000000e+02
1.785000000000000000e+02
1.792500000000000000e+02
1.792500000000000000e+02
1.792500000000000000e+02
1.790000000000000000e+02
1.792500000000000000e+02
1.792500000000000000e+02
1.792500000000000000e+02
1.792500000000000000e+02
1.787500000000000000e+02
1.787500000000000000e+02
1.792500000000000000e+02
1.792500000000000000e+02
1.795000000000000000e+02
1.795000000000000000e+02
1.790000000000000000e+02
1.797500000000000000e+02
1.795000000000000000e+02
1.795000000000000000e+02
1.792500000000000000e+02
1.792500000000000000e+02
1.795000000000000000e+02
1.795000000000000000e+02
1.792500000000000000e+02
1.795000000000000000e+02
1.795000000000000000e+02
1.795000000000000000e+02
1.792500000000000000e+02
1.792500000000000000e+02
1.785000000000000000e+02
1.785000000000000000e+02
1.795000000000000000e+02
1.795000000000000000e+02
1.785000000000000000e+02
1.785000000000000000e+02
1.795000000000000000e+02
1.790000000000000000e+02
1.787500000000000000e+02
1.787500000000000000e+02
1.790000000000000000e+02
1.787500000000000000e+02
1.787500000000000000e+02
1.787500000000000000e+02
1.780000000000000000e+02
1.792500000000000000e+02
1.787500000000000000e+02
1.787500000000000000e+02
1.790000000000000000e+02
1.782500000000000000e+02
1.790000000000000000e+02
1.790000000000000000e+02
1.792500000000000000e+02
1.792500000000000000e+02
1.792500000000000000e+02
1.792500000000000000e+02
1.792500000000000000e+02
1.792500000000000000e+02
1.792500000000000000e+02
1.792500000000000000e+02
1.792500000000000000e+02
1.792500000000000000e+02
1.792500000000000000e+02
1.792500000000000000e+02
1.792500000000000000e+02
1.822500000000000000e+02
1.822500000000000000e+02
1.790000000000000000e+02
1.790000000000000000e+02
1.792500000000000000e+02
1.792500000000000000e+02
1.787500000000000000e+02
1.790000000000000000e+02
1.795000000000000000e+02
1.795000000000000000e+02
1.790000000000000000e+02
1.790000000000000000e+02
1.790000000000000000e+02
1.790000000000000000e+02
1.787500000000000000e+02
1.795000000000000000e+02
1.792500000000000000e+02
1.792500000000000000e+02
1.792500000000000000e+02
1.822500000000000000e+02
1.767500000000000000e+02
1.767500000000000000e+02
1.790000000000000000e+02
1.795000000000000000e+02
1.792500000000000000e+02
1.792500000000000000e+02
1.792500000000000000e+02
1.787500000000000000e+02
1.780000000000000000e+02
1.780000000000000000e+02
1.780000000000000000e+02
1.785000000000000000e+02
1.772500000000000000e+02
1.772500000000000000e+02
1.792500000000000000e+02
1.782500000000000000e+02
1.780000000000000000e+02
1.780000000000000000e+02
1.777500000000000000e+02
1.782500000000000000e+02
1.782500000000000000e+02
1.775000000000000000e+02
1.780000000000000000e+02
1.780000000000000000e+02
1.780000000000000000e+02
1.780000000000000000e+02
1.780000000000000000e+02
1.775000000000000000e+02
1.780000000000000000e+02
1.780000000000000000e+02
1.775000000000000000e+02
1.777500000000000000e+02
1.777500000000000000e+02
1.790000000000000000e+02
1.765000000000000000e+02
1.775000000000000000e+02
1.775000000000000000e+02
1.777500000000000000e+02
1.770000000000000000e+02
1.775000000000000000e+02
1.775000000000000000e+02
1.777500000000000000e+02
1.770000000000000000e+02
1.770000000000000000e+02
1.770000000000000000e+02
1.770000000000000000e+02
1.770000000000000000e+02
1.770000000000000000e+02
1.767500000000000000e+02
1.772500000000000000e+02
1.765000000000000000e+02
1.765000000000000000e+02
1.765000000000000000e+02
1.765000000000000000e+02
1.762500000000000000e+02
1.762500000000000000e+02
1.765000000000000000e+02
1.760000000000000000e+02
1.760000000000000000e+02
1.760000000000000000e+02
1.765000000000000000e+02
1.765000000000000000e+02
1.760000000000000000e+02
1.760000000000000000e+02
1.760000000000000000e+02
1.762500000000000000e+02
1.772500000000000000e+02
1.772500000000000000e+02
1.755000000000000000e+02
1.765000000000000000e+02
1.765000000000000000e+02
1.762500000000000000e+02
1.767500000000000000e+02
1.760000000000000000e+02
1.760000000000000000e+02
1.757500000000000000e+02
1.765000000000000000e+02
1.762500000000000000e+02
1.762500000000000000e+02
1.760000000000000000e+02
1.755000000000000000e+02
1.760000000000000000e+02
1.760000000000000000e+02
1.757500000000000000e+02
1.755000000000000000e+02
1.755000000000000000e+02
1.750000000000000000e+02
1.750000000000000000e+02
1.752500000000000000e+02
1.752500000000000000e+02
1.750000000000000000e+02
1.752500000000000000e+02
1.752500000000000000e+02
1.755000000000000000e+02
1.747500000000000000e+02
1.752500000000000000e+02
1.752500000000000000e+02
1.752500000000000000e+02
1.747500000000000000e+02
1.750000000000000000e+02
1.750000000000000000e+02
1.750000000000000000e+02
1.742500000000000000e+02
1.745000000000000000e+02
1.745000000000000000e+02
1.745000000000000000e+02
1.762500000000000000e+02
1.762500000000000000e+02
1.725000000000000000e+02
1.745000000000000000e+02
1.740000000000000000e+02
1.740000000000000000e+02
1.740000000000000000e+02
1.760000000000000000e+02
1.722500000000000000e+02
1.722500000000000000e+02
1.740000000000000000e+02
1.742500000000000000e+02
1.742500000000000000e+02
1.742500000000000000e+02
1.740000000000000000e+02
1.740000000000000000e+02
1.740000000000000000e+02
1.735000000000000000e+02
1.737500000000000000e+02
1.740000000000000000e+02
1.740000000000000000e+02
1.732500000000000000e+02
1.735000000000000000e+02
1.735000000000000000e+02
1.735000000000000000e+02
1.732500000000000000e+02
1.732500000000000000e+02
1.732500000000000000e+02
1.727500000000000000e+02
1.727500000000000000e+02
1.727500000000000000e+02
1.722500000000000000e+02
1.715000000000000000e+02
1.715000000000000000e+02
1.715000000000000000e+02
1.712500000000000000e+02
1.710000000000000000e+02
1.710000000000000000e+02
1.710000000000000000e+02
1.705000000000000000e+02
1.705000000000000000e+02
1.705000000000000000e+02
1.705000000000000000e+02
1.702500000000000000e+02
1.702500000000000000e+02
1.702500000000000000e+02
1.702500000000000000e+02
1.702500000000000000e+02
1.695000000000000000e+02
1.700000000000000000e+02
1.695000000000000000e+02
1.695000000000000000e+02
1.690000000000000000e+02
1.687500000000000000e+02
1.687500000000000000e+02
1.682500000000000000e+02
1.680000000000000000e+02
1.680000000000000000e+02
1.680000000000000000e+02
1.670000000000000000e+02
1.667500000000000000e+02
1.667500000000000000e+02
1.675000000000000000e+02
1.670000000000000000e+02
1.670000000000000000e+02
1.675000000000000000e+02
1.675000000000000000e+02
1.672500000000000000e+02
1.672500000000000000e+02
1.677500000000000000e+02
1.652500000000000000e+02
1.652500000000000000e+02
1.665000000000000000e+02
1.665000000000000000e+02
1.665000000000000000e+02
1.660000000000000000e+02
1.657500000000000000e+02
1.657500000000000000e+02
1.660000000000000000e+02
1.655000000000000000e+02
1.657500000000000000e+02
1.657500000000000000e+02
1.655000000000000000e+02
1.652500000000000000e+02
1.652500000000000000e+02
1.650000000000000000e+02
1.645000000000000000e+02
1.645000000000000000e+02
1.635000000000000000e+02
1.635000000000000000e+02
1.635000000000000000e+02
1.632500000000000000e+02
1.635000000000000000e+02
1.635000000000000000e+02
1.642500000000000000e+02
1.637500000000000000e+02
1.637500000000000000e+02
1.635000000000000000e+02
1.647500000000000000e+02
1.625000000000000000e+02
1.625000000000000000e+02
1.640000000000000000e+02
1.637500000000000000e+02
1.637500000000000000e+02
1.632500000000000000e+02
1.627500000000000000e+02
1.627500000000000000e+02
1.597500000000000000e+02
1.587500000000000000e+02
1.587500000000000000e+02
1.510000000000000000e+02
1.510000000000000000e+02
1.537500000000000000e+02
1.542500000000000000e+02
1.542500000000000000e+02
1.540000000000000000e+02
1.547500000000000000e+02
1.547500000000000000e+02
1.570000000000000000e+02
1.580000000000000000e+02
1.580000000000000000e+02
1.567500000000000000e+02
1.575000000000000000e+02
1.575000000000000000e+02
1.592500000000000000e+02
1.605000000000000000e+02
1.605000000000000000e+02
1.602500000000000000e+02
1.600000000000000000e+02
1.600000000000000000e+02
1.607500000000000000e+02
1.610000000000000000e+02
1.610000000000000000e+02
1.607500000000000000e+02
1.625000000000000000e+02
1.625000000000000000e+02
1.607500000000000000e+02
1.605000000000000000e+02
1.605000000000000000e+02
1.600000000000000000e+02
1.602500000000000000e+02
1.602500000000000000e+02
1.610000000000000000e+02
1.622500000000000000e+02
1.622500000000000000e+02
1.615000000000000000e+02
1.607500000000000000e+02
1.607500000000000000e+02
1.597500000000000000e+02
1.595000000000000000e+02
1.595000000000000000e+02
1.602500000000000000e+02
1.602500000000000000e+02
1.602500000000000000e+02
1.607500000000000000e+02
1.605000000000000000e+02
1.605000000000000000e+02
1.602500000000000000e+02
1.617500000000000000e+02
1.617500000000000000e+02
1.625000000000000000e+02
1.622500000000000000e+02
1.622500000000000000e+02
1.632500000000000000e+02
1.627500000000000000e+02
1.627500000000000000e+02
1.627500000000000000e+02
1.627500000000000000e+02
1.627500000000000000e+02
1.627500000000000000e+02
1.627500000000000000e+02
1.627500000000000000e+02
1.627500000000000000e+02
1.627500000000000000e+02
1.627500000000000000e+02
1.627500000000000000e+02
1.627500000000000000e+02
1.627500000000000000e+02
1.627500000000000000e+02
1.627500000000000000e+02
1.627500000000000000e+02
1.620000000000000000e+02
1.592500000000000000e+02
1.592500000000000000e+02
1.602500000000000000e+02
1.602500000000000000e+02
1.602500000000000000e+02
1.602500000000000000e+02
1.602500000000000000e+02
1.602500000000000000e+02
1.602500000000000000e+02
1.602500000000000000e+02
1.602500000000000000e+02
1.602500000000000000e+02
1.602500000000000000e+02
1.602500000000000000e+02
1.602500000000000000e+02
1.602500000000000000e+02
1.602500000000000000e+02
1.602500000000000000e+02
1.575000000000000000e+02
1.575000000000000000e+02
1.577500000000000000e+02
1.582500000000000000e+02
1.582500000000000000e+02
1.592500000000000000e+02
1.597500000000000000e+02
1.597500000000000000e+02
1.605000000000000000e+02
1.607500000000000000e+02
1.607500000000000000e+02
1.607500000000000000e+02
1.607500000000000000e+02
1.607500000000000000e+02
1.602500000000000000e+02
1.605000000000000000e+02
1.605000000000000000e+02
1.590000000000000000e+02
1.572500000000000000e+02
1.572500000000000000e+02
1.582500000000000000e+02
1.550000000000000000e+02
1.550000000000000000e+02
1.570000000000000000e+02
1.575000000000000000e+02
1.575000000000000000e+02
1.577500000000000000e+02
1.567500000000000000e+02
1.567500000000000000e+02
1.585000000000000000e+02
1.585000000000000000e+02
1.580000000000000000e+02
1.592500000000000000e+02
1.592500000000000000e+02
1.582500000000000000e+02
1.575000000000000000e+02
1.575000000000000000e+02
1.582500000000000000e+02
1.585000000000000000e+02
1.585000000000000000e+02
1.577500000000000000e+02
1.572500000000000000e+02
1.572500000000000000e+02
1.585000000000000000e+02
1.602500000000000000e+02
1.602500000000000000e+02
1.580000000000000000e+02
1.590000000000000000e+02
1.590000000000000000e+02
1.560000000000000000e+02
1.465000000000000000e+02
1.465000000000000000e+02
1.467500000000000000e+02
1.467500000000000000e+02
1.442500000000000000e+02
1.422500000000000000e+02
1.422500000000000000e+02
1.372500000000000000e+02
1.372500000000000000e+02
1.282500000000000000e+02
1.282500000000000000e+02
1.337500000000000000e+02
1.337500000000000000e+02
1.365000000000000000e+02
1.392500000000000000e+02
1.392500000000000000e+02
1.400000000000000000e+02
1.400000000000000000e+02
1.420000000000000000e+02
1.505000000000000000e+02
1.505000000000000000e+02
1.542500000000000000e+02
1.565000000000000000e+02
1.565000000000000000e+02
1.590000000000000000e+02
1.572500000000000000e+02
1.572500000000000000e+02
1.547500000000000000e+02
1.550000000000000000e+02
1.550000000000000000e+02
1.555000000000000000e+02
1.555000000000000000e+02
1.577500000000000000e+02
1.585000000000000000e+02
1.585000000000000000e+02
1.587500000000000000e+02
1.592500000000000000e+02
1.592500000000000000e+02
1.595000000000000000e+02
1.582500000000000000e+02
1.582500000000000000e+02
1.590000000000000000e+02
1.587500000000000000e+02
1.587500000000000000e+02
1.602500000000000000e+02
1.602500000000000000e+02
1.602500000000000000e+02
1.602500000000000000e+02
1.602500000000000000e+02
1.602500000000000000e+02
1.602500000000000000e+02
1.602500000000000000e+02
1.602500000000000000e+02
1.505000000000000000e+02
1.505000000000000000e+02
1.502500000000000000e+02
1.502500000000000000e+02
1.502500000000000000e+02
1.502500000000000000e+02
1.502500000000000000e+02
1.502500000000000000e+02
1.502500000000000000e+02
1.502500000000000000e+02
1.585000000000000000e+02
1.582500000000000000e+02
1.582500000000000000e+02
1.590000000000000000e+02
1.592500000000000000e+02
1.592500000000000000e+02
1.610000000000000000e+02
1.627500000000000000e+02
1.627500000000000000e+02
1.627500000000000000e+02
1.627500000000000000e+02
1.627500000000000000e+02
1.627500000000000000e+02
1.627500000000000000e+02
1.627500000000000000e+02
1.627500000000000000e+02
1.627500000000000000e+02
1.627500000000000000e+02
1.627500000000000000e+02
1.627500000000000000e+02
1.627500000000000000e+02
1.627500000000000000e+02
1.462500000000000000e+02
1.297500000000000000e+02
1.297500000000000000e+02
1.297500000000000000e+02
1.297500000000000000e+02
1.297500000000000000e+02
1.297500000000000000e+02
1.297500000000000000e+02
1.297500000000000000e+02
1.575000000000000000e+02
1.582500000000000000e+02
1.582500000000000000e+02
1.582500000000000000e+02
1.575000000000000000e+02
1.575000000000000000e+02
1.607500000000000000e+02
1.610000000000000000e+02
1.610000000000000000e+02
1.607500000000000000e+02
1.607500000000000000e+02
1.607500000000000000e+02
1.622500000000000000e+02
1.607500000000000000e+02
1.607500000000000000e+02
1.620000000000000000e+02
1.615000000000000000e+02
1.615000000000000000e+02
1.617500000000000000e+02
1.622500000000000000e+02
1.622500000000000000e+02
1.605000000000000000e+02
1.602500000000000000e+02
1.602500000000000000e+02
1.612500000000000000e+02
1.605000000000000000e+02
1.605000000000000000e+02
1.635000000000000000e+02
1.637500000000000000e+02
1.637500000000000000e+02
1.640000000000000000e+02
1.652500000000000000e+02
1.652500000000000000e+02
1.625000000000000000e+02
1.615000000000000000e+02
1.615000000000000000e+02
1.622500000000000000e+02
1.647500000000000000e+02
1.647500000000000000e+02
1.647500000000000000e+02
1.657500000000000000e+02
1.620000000000000000e+02
1.620000000000000000e+02
1.632500000000000000e+02
1.642500000000000000e+02
1.642500000000000000e+02
1.597500000000000000e+02
1.617500000000000000e+02
1.617500000000000000e+02
1.627500000000000000e+02
1.632500000000000000e+02
1.632500000000000000e+02
1.625000000000000000e+02
1.620000000000000000e+02
1.620000000000000000e+02
1.625000000000000000e+02
1.572500000000000000e+02
1.572500000000000000e+02
1.592500000000000000e+02
1.627500000000000000e+02
1.627500000000000000e+02
1.590000000000000000e+02
1.570000000000000000e+02
1.570000000000000000e+02
1.572500000000000000e+02
1.597500000000000000e+02
1.597500000000000000e+02
1.615000000000000000e+02
1.615000000000000000e+02
1.615000000000000000e+02
1.615000000000000000e+02
1.582500000000000000e+02
1.582500000000000000e+02
1.592500000000000000e+02
1.607500000000000000e+02
1.607500000000000000e+02
1.582500000000000000e+02
1.612500000000000000e+02
1.612500000000000000e+02
1.642500000000000000e+02
1.635000000000000000e+02
1.635000000000000000e+02
1.605000000000000000e+02
1.605000000000000000e+02
1.605000000000000000e+02
1.550000000000000000e+02
1.537500000000000000e+02
1.537500000000000000e+02
1.557500000000000000e+02
1.547500000000000000e+02
1.547500000000000000e+02
1.540000000000000000e+02
1.542500000000000000e+02
1.542500000000000000e+02
1.577500000000000000e+02
1.565000000000000000e+02
1.565000000000000000e+02
1.590000000000000000e+02
1.590000000000000000e+02
1.577500000000000000e+02
1.585000000000000000e+02
1.585000000000000000e+02
1.590000000000000000e+02
1.590000000000000000e+02
1.590000000000000000e+02
1.567500000000000000e+02
1.560000000000000000e+02
1.560000000000000000e+02
1.517500000000000000e+02
1.527500000000000000e+02
1.527500000000000000e+02
1.525000000000000000e+02
1.525000000000000000e+02
1.525000000000000000e+02
1.555000000000000000e+02
1.555000000000000000e+02
1.562500000000000000e+02
1.572500000000000000e+02
1.572500000000000000e+02
1.592500000000000000e+02
1.577500000000000000e+02
1.577500000000000000e+02
1.590000000000000000e+02
1.570000000000000000e+02
1.570000000000000000e+02
1.570000000000000000e+02
1.597500000000000000e+02
1.597500000000000000e+02
1.595000000000000000e+02
1.602500000000000000e+02
1.602500000000000000e+02
1.622500000000000000e+02
1.605000000000000000e+02
1.605000000000000000e+02
1.617500000000000000e+02
1.602500000000000000e+02
1.602500000000000000e+02
1.605000000000000000e+02
1.605000000000000000e+02
1.605000000000000000e+02
1.605000000000000000e+02
1.615000000000000000e+02
1.615000000000000000e+02
1.590000000000000000e+02
1.590000000000000000e+02
1.590000000000000000e+02
1.575000000000000000e+02
1.582500000000000000e+02
1.582500000000000000e+02
1.575000000000000000e+02
1.610000000000000000e+02
1.610000000000000000e+02
1.615000000000000000e+02
1.615000000000000000e+02
1.615000000000000000e+02
1.625000000000000000e+02
1.642500000000000000e+02
1.642500000000000000e+02
1.637500000000000000e+02
1.625000000000000000e+02
1.620000000000000000e+02
1.620000000000000000e+02
1.650000000000000000e+02
1.610000000000000000e+02
1.610000000000000000e+02
1.645000000000000000e+02
1.662500000000000000e+02
1.662500000000000000e+02
1.620000000000000000e+02
1.642500000000000000e+02
1.642500000000000000e+02
1.650000000000000000e+02
1.597500000000000000e+02
1.597500000000000000e+02
1.582500000000000000e+02
1.602500000000000000e+02
1.602500000000000000e+02
1.567500000000000000e+02
1.572500000000000000e+02
1.572500000000000000e+02
1.585000000000000000e+02
1.602500000000000000e+02
1.602500000000000000e+02
1.602500000000000000e+02
1.602500000000000000e+02
1.602500000000000000e+02
1.602500000000000000e+02
1.602500000000000000e+02
1.602500000000000000e+02
1.515000000000000000e+02
1.515000000000000000e+02
1.495000000000000000e+02
1.490000000000000000e+02
1.490000000000000000e+02
1.517500000000000000e+02
1.547500000000000000e+02
1.547500000000000000e+02
1.567500000000000000e+02
1.607500000000000000e+02
1.607500000000000000e+02
1.615000000000000000e+02
1.647500000000000000e+02
1.647500000000000000e+02
1.662500000000000000e+02
1.642500000000000000e+02
1.642500000000000000e+02
1.660000000000000000e+02
1.692500000000000000e+02
1.685000000000000000e+02
1.685000000000000000e+02
1.690000000000000000e+02
1.695000000000000000e+02
1.695000000000000000e+02
1.695000000000000000e+02
1.702500000000000000e+02
1.702500000000000000e+02
1.700000000000000000e+02
1.700000000000000000e+02
1.700000000000000000e+02
1.700000000000000000e+02
1.700000000000000000e+02
1.700000000000000000e+02
1.700000000000000000e+02
1.700000000000000000e+02
1.700000000000000000e+02
1.700000000000000000e+02
1.700000000000000000e+02
1.700000000000000000e+02
1.700000000000000000e+02
1.700000000000000000e+02
1.700000000000000000e+02
1.700000000000000000e+02
1.663750000000000000e+02
1.627500000000000000e+02
1.591250000000000000e+02
1.555000000000000000e+02
1.555000000000000000e+02
1.567500000000000000e+02
1.515000000000000000e+02
1.515000000000000000e+02
1.530000000000000000e+02
1.557500000000000000e+02
1.557500000000000000e+02
1.625000000000000000e+02
1.642500000000000000e+02
1.642500000000000000e+02
1.662500000000000000e+02
1.660000000000000000e+02
1.660000000000000000e+02
1.660000000000000000e+02
1.685000000000000000e+02
1.685000000000000000e+02
1.685000000000000000e+02
1.692500000000000000e+02
1.690000000000000000e+02
1.690000000000000000e+02
1.685000000000000000e+02
1.680000000000000000e+02
1.680000000000000000e+02
1.690000000000000000e+02
1.670000000000000000e+02
1.692500000000000000e+02
1.692500000000000000e+02
1.700000000000000000e+02
1.707500000000000000e+02
1.707500000000000000e+02
1.702500000000000000e+02
1.727500000000000000e+02
1.727500000000000000e+02
1.735000000000000000e+02
1.735000000000000000e+02
1.722500000000000000e+02
1.722500000000000000e+02
1.720000000000000000e+02
1.725000000000000000e+02
1.705000000000000000e+02
1.705000000000000000e+02
1.715000000000000000e+02
1.730000000000000000e+02
1.730000000000000000e+02
1.732500000000000000e+02
1.720000000000000000e+02
1.740000000000000000e+02
1.740000000000000000e+02
1.735000000000000000e+02
1.730000000000000000e+02
1.730000000000000000e+02
1.735000000000000000e+02
1.737500000000000000e+02
1.720000000000000000e+02
1.720000000000000000e+02
1.710000000000000000e+02
1.710000000000000000e+02
1.710000000000000000e+02
1.717500000000000000e+02
1.695000000000000000e+02
1.707500000000000000e+02
1.707500000000000000e+02
1.720000000000000000e+02
1.737500000000000000e+02
1.737500000000000000e+02
1.722500000000000000e+02
1.715000000000000000e+02
1.715000000000000000e+02
1.715000000000000000e+02
1.727500000000000000e+02
1.732500000000000000e+02
1.732500000000000000e+02
1.727500000000000000e+02
1.740000000000000000e+02
1.755000000000000000e+02
1.755000000000000000e+02
1.750000000000000000e+02
1.747500000000000000e+02
1.765000000000000000e+02
1.765000000000000000e+02
1.752500000000000000e+02
1.720000000000000000e+02
1.720000000000000000e+02
1.730000000000000000e+02
1.737500000000000000e+02
1.755000000000000000e+02
1.755000000000000000e+02
1.767500000000000000e+02
1.767500000000000000e+02
1.757500000000000000e+02
1.757500000000000000e+02
1.755000000000000000e+02
1.760000000000000000e+02
1.757500000000000000e+02
1.757500000000000000e+02
1.775000000000000000e+02
1.762500000000000000e+02
1.762500000000000000e+02
1.770000000000000000e+02
1.765000000000000000e+02
1.750000000000000000e+02
1.750000000000000000e+02
1.760000000000000000e+02
1.782500000000000000e+02
1.777500000000000000e+02
1.777500000000000000e+02
1.775000000000000000e+02
1.772500000000000000e+02
1.755000000000000000e+02
1.755000000000000000e+02
1.775000000000000000e+02
1.755000000000000000e+02
1.755000000000000000e+02
1.765000000000000000e+02
1.772500000000000000e+02
1.765000000000000000e+02
1.762500000000000000e+02
1.762500000000000000e+02
1.772500000000000000e+02
1.777500000000000000e+02
1.777500000000000000e+02
1.767500000000000000e+02
1.775000000000000000e+02
1.760000000000000000e+02
1.760000000000000000e+02
1.780000000000000000e+02
1.792500000000000000e+02
1.807500000000000000e+02
1.807500000000000000e+02
1.805000000000000000e+02
1.810000000000000000e+02
1.817500000000000000e+02
1.817500000000000000e+02
1.820000000000000000e+02
1.810000000000000000e+02
1.810000000000000000e+02
1.810000000000000000e+02
1.812500000000000000e+02
1.820000000000000000e+02
1.795000000000000000e+02
1.795000000000000000e+02
1.815000000000000000e+02
1.820000000000000000e+02
1.815000000000000000e+02
1.815000000000000000e+02
1.825000000000000000e+02
1.822500000000000000e+02
1.822500000000000000e+02
1.807500000000000000e+02
1.807500000000000000e+02
1.810000000000000000e+02
1.802500000000000000e+02
1.802500000000000000e+02
1.802500000000000000e+02
1.792500000000000000e+02
1.790000000000000000e+02
1.790000000000000000e+02
1.785000000000000000e+02
1.767500000000000000e+02
1.782500000000000000e+02
1.782500000000000000e+02
1.777500000000000000e+02
1.772500000000000000e+02
1.780000000000000000e+02
1.780000000000000000e+02
1.772500000000000000e+02
1.775000000000000000e+02
1.775000000000000000e+02
1.775000000000000000e+02
1.745000000000000000e+02
1.772500000000000000e+02
1.772500000000000000e+02
1.775000000000000000e+02
1.782500000000000000e+02
1.775000000000000000e+02
1.785000000000000000e+02
1.785000000000000000e+02
1.780000000000000000e+02
1.795000000000000000e+02
1.770000000000000000e+02
1.770000000000000000e+02
1.780000000000000000e+02
1.772500000000000000e+02
1.772500000000000000e+02
1.782500000000000000e+02
1.772500000000000000e+02
1.787500000000000000e+02
1.787500000000000000e+02
1.787500000000000000e+02
1.800000000000000000e+02
1.797500000000000000e+02
1.797500000000000000e+02
1.782500000000000000e+02
1.795000000000000000e+02
1.792500000000000000e+02
1.792500000000000000e+02
1.787500000000000000e+02
1.797500000000000000e+02
1.800000000000000000e+02
1.800000000000000000e+02
1.805000000000000000e+02
1.795000000000000000e+02
1.800000000000000000e+02
1.800000000000000000e+02
1.805000000000000000e+02
1.815000000000000000e+02
1.782500000000000000e+02
1.782500000000000000e+02
1.805000000000000000e+02
1.795000000000000000e+02
1.795000000000000000e+02
1.795000000000000000e+02
1.792500000000000000e+02
1.797500000000000000e+02
1.797500000000000000e+02
1.797500000000000000e+02
1.805000000000000000e+02
1.795000000000000000e+02
1.797500000000000000e+02
1.797500000000000000e+02
1.800000000000000000e+02
1.797500000000000000e+02
1.807500000000000000e+02
1.807500000000000000e+02
1.810000000000000000e+02
1.810000000000000000e+02
1.807500000000000000e+02
1.807500000000000000e+02
1.802500000000000000e+02
1.802500000000000000e+02
1.805000000000000000e+02
1.805000000000000000e+02
1.807500000000000000e+02
1.797500000000000000e+02
1.805000000000000000e+02
1.805000000000000000e+02
1.807500000000000000e+02
1.810000000000000000e+02
1.812500000000000000e+02
1.812500000000000000e+02
1.795000000000000000e+02
1.805000000000000000e+02
1.805000000000000000e+02
1.805000000000000000e+02
1.815000000000000000e+02
1.815000000000000000e+02
1.815000000000000000e+02
1.815000000000000000e+02
1.807500000000000000e+02
1.807500000000000000e+02
1.802500000000000000e+02
1.802500000000000000e+02
1.792500000000000000e+02
1.792500000000000000e+02
1.797500000000000000e+02
1.815000000000000000e+02
1.815000000000000000e+02
1.785000000000000000e+02
1.797500000000000000e+02
1.797500000000000000e+02
1.810000000000000000e+02
1.797500000000000000e+02
1.802500000000000000e+02
1.802500000000000000e+02
1.790000000000000000e+02
1.802500000000000000e+02
1.795000000000000000e+02
1.795000000000000000e+02
1.805000000000000000e+02
1.805000000000000000e+02
1.805000000000000000e+02
1.805000000000000000e+02
1.805000000000000000e+02
1.807500000000000000e+02
1.807500000000000000e+02
1.820000000000000000e+02
1.820000000000000000e+02
1.797500000000000000e+02
1.812500000000000000e+02
1.812500000000000000e+02
1.810000000000000000e+02
1.810000000000000000e+02
1.812500000000000000e+02
1.807500000000000000e+02
1.807500000000000000e+02
1.810000000000000000e+02
1.797500000000000000e+02
1.815000000000000000e+02
1.815000000000000000e+02
1.810000000000000000e+02
1.810000000000000000e+02
1.810000000000000000e+02
1.810000000000000000e+02
1.812500000000000000e+02
1.807500000000000000e+02
1.805000000000000000e+02
1.805000000000000000e+02
1.810000000000000000e+02
1.807500000000000000e+02
1.812500000000000000e+02
1.812500000000000000e+02
1.812500000000000000e+02
1.817500000000000000e+02
1.812500000000000000e+02
1.812500000000000000e+02
1.815000000000000000e+02
1.810000000000000000e+02
1.815000000000000000e+02
1.815000000000000000e+02
1.817500000000000000e+02
1.812500000000000000e+02
1.802500000000000000e+02
1.802500000000000000e+02
1.807500000000000000e+02
1.810000000000000000e+02
1.802500000000000000e+02
1.802500000000000000e+02
1.810000000000000000e+02
1.802500000000000000e+02
1.812500000000000000e+02
1.812500000000000000e+02
1.807500000000000000e+02
1.807500000000000000e+02
1.815000000000000000e+02
1.815000000000000000e+02
1.805000000000000000e+02
1.820000000000000000e+02
1.802500000000000000e+02
1.802500000000000000e+02
1.812500000000000000e+02
1.815000000000000000e+02
1.815000000000000000e+02
1.815000000000000000e+02
1.820000000000000000e+02
1.817500000000000000e+02
1.820000000000000000e+02
1.820000000000000000e+02
1.815000000000000000e+02
1.822500000000000000e+02
1.817500000000000000e+02
1.807500000000000000e+02
1.807500000000000000e+02
1.800000000000000000e+02
1.797500000000000000e+02
1.810000000000000000e+02
1.810000000000000000e+02
1.812500000000000000e+02
1.812500000000000000e+02
1.807500000000000000e+02
1.807500000000000000e+02
1.812500000000000000e+02
1.805000000000000000e+02
1.812500000000000000e+02
1.812500000000000000e+02
1.807500000000000000e+02
1.812500000000000000e+02
1.810000000000000000e+02
1.810000000000000000e+02
1.817500000000000000e+02
1.820000000000000000e+02
1.825000000000000000e+02
1.825000000000000000e+02
1.840000000000000000e+02
1.812500000000000000e+02
1.832500000000000000e+02
1.832500000000000000e+02
1.830000000000000000e+02
1.830000000000000000e+02
1.832500000000000000e+02
1.832500000000000000e+02
1.835000000000000000e+02
1.842500000000000000e+02
1.847500000000000000e+02
1.847500000000000000e+02
1.855000000000000000e+02
1.847500000000000000e+02
1.862500000000000000e+02
1.852500000000000000e+02
1.852500000000000000e+02
1.860000000000000000e+02
1.865000000000000000e+02
1.862500000000000000e+02
1.862500000000000000e+02
1.862500000000000000e+02
1.870000000000000000e+02
1.872500000000000000e+02
1.872500000000000000e+02
1.872500000000000000e+02
1.877500000000000000e+02
1.880000000000000000e+02
1.885000000000000000e+02
1.882500000000000000e+02
1.882500000000000000e+02
1.882500000000000000e+02
1.885000000000000000e+02
1.877500000000000000e+02
1.875000000000000000e+02
1.875000000000000000e+02
1.872500000000000000e+02
1.862500000000000000e+02
1.867500000000000000e+02
1.867500000000000000e+02
1.870000000000000000e+02
1.865000000000000000e+02
1.860000000000000000e+02
1.860000000000000000e+02
1.832500000000000000e+02
1.827500000000000000e+02
1.850000000000000000e+02
1.845000000000000000e+02
1.845000000000000000e+02
1.832500000000000000e+02
1.815000000000000000e+02
1.840000000000000000e+02
1.840000000000000000e+02
1.805000000000000000e+02
1.830000000000000000e+02
1.807500000000000000e+02
1.807500000000000000e+02
1.807500000000000000e+02
1.805000000000000000e+02
1.802500000000000000e+02
1.802500000000000000e+02
1.807500000000000000e+02
1.800000000000000000e+02
1.802500000000000000e+02
1.802500000000000000e+02
1.795000000000000000e+02
1.790000000000000000e+02
1.795000000000000000e+02
1.795000000000000000e+02
1.780000000000000000e+02
1.785000000000000000e+02
1.782500000000000000e+02
1.782500000000000000e+02
1.780000000000000000e+02
1.790000000000000000e+02
1.785000000000000000e+02
1.785000000000000000e+02
1.787500000000000000e+02
1.790000000000000000e+02
1.795000000000000000e+02
1.795000000000000000e+02
1.790000000000000000e+02
1.800000000000000000e+02
1.795000000000000000e+02
1.795000000000000000e+02
1.792500000000000000e+02
1.800000000000000000e+02
1.805000000000000000e+02
1.805000000000000000e+02
1.800000000000000000e+02
1.805000000000000000e+02
1.802500000000000000e+02
1.802500000000000000e+02
1.807500000000000000e+02
1.807500000000000000e+02
1.805000000000000000e+02
1.805000000000000000e+02
1.822500000000000000e+02
1.817500000000000000e+02
1.820000000000000000e+02
1.820000000000000000e+02
1.817500000000000000e+02
1.822500000000000000e+02
1.822500000000000000e+02
1.822500000000000000e+02
1.822500000000000000e+02
1.827500000000000000e+02
1.827500000000000000e+02
1.827500000000000000e+02
1.830000000000000000e+02
1.837500000000000000e+02
1.827500000000000000e+02
1.827500000000000000e+02
1.832500000000000000e+02
1.837500000000000000e+02
1.830000000000000000e+02
1.842500000000000000e+02
1.842500000000000000e+02
1.840000000000000000e+02
1.845000000000000000e+02
1.842500000000000000e+02
1.842500000000000000e+02
1.842500000000000000e+02
1.840000000000000000e+02
1.855000000000000000e+02
1.855000000000000000e+02
1.837500000000000000e+02
1.847500000000000000e+02
1.840000000000000000e+02
1.845000000000000000e+02
1.845000000000000000e+02
1.840000000000000000e+02
1.832500000000000000e+02
1.837500000000000000e+02
1.837500000000000000e+02
1.827500000000000000e+02
1.825000000000000000e+02
1.827500000000000000e+02
1.827500000000000000e+02
1.827500000000000000e+02
1.822500000000000000e+02
1.825000000000000000e+02
1.825000000000000000e+02
1.827500000000000000e+02
1.827500000000000000e+02
1.822500000000000000e+02
1.822500000000000000e+02
1.825000000000000000e+02
1.810000000000000000e+02
1.815000000000000000e+02
1.815000000000000000e+02
1.812500000000000000e+02
1.827500000000000000e+02
1.795000000000000000e+02
1.812500000000000000e+02
1.812500000000000000e+02
1.805000000000000000e+02
1.802500000000000000e+02
1.802500000000000000e+02
1.802500000000000000e+02
1.802500000000000000e+02
1.795000000000000000e+02
1.795000000000000000e+02
1.795000000000000000e+02
1.795000000000000000e+02
1.792500000000000000e+02
1.792500000000000000e+02
1.792500000000000000e+02
1.802500000000000000e+02
1.772500000000000000e+02
1.790000000000000000e+02
1.790000000000000000e+02
1.780000000000000000e+02
1.787500000000000000e+02
1.782500000000000000e+02
1.782500000000000000e+02
1.790000000000000000e+02
1.790000000000000000e+02
1.790000000000000000e+02
1.790000000000000000e+02
1.790000000000000000e+02
1.782500000000000000e+02
1.782500000000000000e+02
1.782500000000000000e+02
1.777500000000000000e+02
1.777500000000000000e+02
1.777500000000000000e+02
1.777500000000000000e+02
1.772500000000000000e+02
1.782500000000000000e+02
1.782500000000000000e+02
1.777500000000000000e+02
1.772500000000000000e+02
1.772500000000000000e+02
1.772500000000000000e+02
1.770000000000000000e+02
1.775000000000000000e+02
1.775000000000000000e+02
1.775000000000000000e+02
1.767500000000000000e+02
1.775000000000000000e+02
1.775000000000000000e+02
1.775000000000000000e+02
1.770000000000000000e+02
1.765000000000000000e+02
1.765000000000000000e+02
1.772500000000000000e+02
1.775000000000000000e+02
1.777500000000000000e+02
1.777500000000000000e+02
1.797500000000000000e+02
1.750000000000000000e+02
1.775000000000000000e+02
1.775000000000000000e+02
1.767500000000000000e+02
1.770000000000000000e+02
1.772500000000000000e+02
1.772500000000000000e+02
1.770000000000000000e+02
1.780000000000000000e+02
1.780000000000000000e+02
1.767500000000000000e+02
1.772500000000000000e+02
1.770000000000000000e+02
1.770000000000000000e+02
1.770000000000000000e+02
1.770000000000000000e+02
1.757500000000000000e+02
1.757500000000000000e+02
1.762500000000000000e+02
1.772500000000000000e+02
1.765000000000000000e+02
1.765000000000000000e+02
1.770000000000000000e+02
1.760000000000000000e+02
1.755000000000000000e+02
1.755000000000000000e+02
1.765000000000000000e+02
1.755000000000000000e+02
1.757500000000000000e+02
1.757500000000000000e+02
1.757500000000000000e+02
1.755000000000000000e+02
1.755000000000000000e+02
1.757500000000000000e+02
1.752500000000000000e+02
1.750000000000000000e+02
1.750000000000000000e+02
1.760000000000000000e+02
1.757500000000000000e+02
1.752500000000000000e+02
1.752500000000000000e+02
1.760000000000000000e+02
1.760000000000000000e+02
1.760000000000000000e+02
1.765000000000000000e+02
1.762500000000000000e+02
1.750000000000000000e+02
1.750000000000000000e+02
1.757500000000000000e+02
1.750000000000000000e+02
1.760000000000000000e+02
1.760000000000000000e+02
1.755000000000000000e+02
1.735000000000000000e+02
1.735000000000000000e+02
1.710000000000000000e+02
1.715000000000000000e+02
1.720000000000000000e+02
1.720000000000000000e+02
1.720000000000000000e+02
1.715000000000000000e+02
1.715000000000000000e+02
1.717500000000000000e+02
1.707500000000000000e+02
1.700000000000000000e+02
1.700000000000000000e+02
1.690000000000000000e+02
1.662500000000000000e+02
1.662500000000000000e+02
1.670000000000000000e+02
1.657500000000000000e+02
1.662500000000000000e+02
1.662500000000000000e+02
1.687500000000000000e+02
1.687500000000000000e+02
1.687500000000000000e+02
1.682500000000000000e+02
1.680000000000000000e+02
1.680000000000000000e+02
1.697500000000000000e+02
1.690000000000000000e+02
1.685000000000000000e+02
1.685000000000000000e+02
1.695000000000000000e+02
1.705000000000000000e+02
1.705000000000000000e+02
1.697500000000000000e+02
1.697500000000000000e+02
1.697500000000000000e+02
1.692500000000000000e+02
1.700000000000000000e+02
1.697500000000000000e+02
1.697500000000000000e+02
1.705000000000000000e+02
1.692500000000000000e+02
1.692500000000000000e+02
1.700000000000000000e+02
1.687500000000000000e+02
1.702500000000000000e+02
1.702500000000000000e+02
1.690000000000000000e+02
1.705000000000000000e+02
1.705000000000000000e+02
1.697500000000000000e+02
1.702500000000000000e+02
1.702500000000000000e+02
1.695000000000000000e+02
1.692500000000000000e+02
1.695000000000000000e+02
1.695000000000000000e+02
1.662500000000000000e+02
1.685000000000000000e+02
1.685000000000000000e+02
1.690000000000000000e+02
1.682500000000000000e+02
1.682500000000000000e+02
1.680000000000000000e+02
1.682500000000000000e+02
1.682500000000000000e+02
1.682500000000000000e+02
1.667500000000000000e+02
1.675000000000000000e+02
1.675000000000000000e+02
1.677500000000000000e+02
1.687500000000000000e+02
1.687500000000000000e+02
1.687500000000000000e+02
1.687500000000000000e+02
1.680000000000000000e+02
1.680000000000000000e+02
1.677500000000000000e+02
1.682500000000000000e+02
1.682500000000000000e+02
1.680000000000000000e+02
1.680000000000000000e+02
1.665000000000000000e+02
1.665000000000000000e+02
1.660000000000000000e+02
1.677500000000000000e+02
1.677500000000000000e+02
1.670000000000000000e+02
1.670000000000000000e+02
1.670000000000000000e+02
1.667500000000000000e+02
1.662500000000000000e+02
1.662500000000000000e+02
1.665000000000000000e+02
1.662500000000000000e+02
1.650000000000000000e+02
1.650000000000000000e+02
1.642500000000000000e+02
1.670000000000000000e+02
1.670000000000000000e+02
1.642500000000000000e+02
1.657500000000000000e+02
1.657500000000000000e+02
1.665000000000000000e+02
1.660000000000000000e+02
1.660000000000000000e+02
1.672500000000000000e+02
1.680000000000000000e+02
1.685000000000000000e+02
1.685000000000000000e+02
1.685000000000000000e+02
1.685000000000000000e+02
1.685000000000000000e+02
1.727500000000000000e+02
1.727500000000000000e+02
1.727500000000000000e+02
1.727500000000000000e+02
1.672500000000000000e+02
1.667500000000000000e+02
1.667500000000000000e+02
1.665000000000000000e+02
1.665000000000000000e+02
1.665000000000000000e+02
1.665000000000000000e+02
1.665000000000000000e+02
1.742500000000000000e+02
1.742500000000000000e+02
1.742500000000000000e+02
1.742500000000000000e+02
1.742500000000000000e+02
1.742500000000000000e+02
1.742500000000000000e+02
1.742500000000000000e+02
1.742500000000000000e+02
1.707500000000000000e+02
1.707500000000000000e+02
1.682500000000000000e+02
1.697500000000000000e+02
1.697500000000000000e+02
1.695000000000000000e+02
1.705000000000000000e+02
1.720000000000000000e+02
1.720000000000000000e+02
1.687500000000000000e+02
1.705000000000000000e+02
1.705000000000000000e+02
1.710000000000000000e+02
1.700000000000000000e+02
1.695000000000000000e+02
1.695000000000000000e+02
1.687500000000000000e+02
1.697500000000000000e+02
1.697500000000000000e+02
1.695000000000000000e+02
1.672500000000000000e+02
1.672500000000000000e+02
1.697500000000000000e+02
1.692500000000000000e+02
1.690000000000000000e+02
1.690000000000000000e+02
1.695000000000000000e+02
1.695000000000000000e+02
1.695000000000000000e+02
1.705000000000000000e+02
1.697500000000000000e+02
1.697500000000000000e+02
1.697500000000000000e+02
1.690000000000000000e+02
1.697500000000000000e+02
1.697500000000000000e+02
1.687500000000000000e+02
1.687500000000000000e+02
1.687500000000000000e+02
1.685000000000000000e+02
1.690000000000000000e+02
1.692500000000000000e+02
1.692500000000000000e+02
1.692500000000000000e+02
1.707500000000000000e+02
1.707500000000000000e+02
1.677500000000000000e+02
1.692500000000000000e+02
1.685000000000000000e+02
1.685000000000000000e+02
1.685000000000000000e+02
1.692500000000000000e+02
1.692500000000000000e+02
1.692500000000000000e+02
1.675000000000000000e+02
1.675000000000000000e+02
1.677500000000000000e+02
1.687500000000000000e+02
1.682500000000000000e+02
1.682500000000000000e+02
1.695000000000000000e+02
1.685000000000000000e+02
1.685000000000000000e+02
1.690000000000000000e+02
1.692500000000000000e+02
1.692500000000000000e+02
1.687500000000000000e+02
1.692500000000000000e+02
1.690000000000000000e+02
1.690000000000000000e+02
1.685000000000000000e+02
1.687500000000000000e+02
1.687500000000000000e+02
1.692500000000000000e+02
1.695000000000000000e+02
1.687500000000000000e+02
1.687500000000000000e+02
1.700000000000000000e+02
1.695000000000000000e+02
1.695000000000000000e+02
1.702500000000000000e+02
1.705000000000000000e+02
1.705000000000000000e+02
1.707500000000000000e+02
1.707500000000000000e+02
1.707500000000000000e+02
1.707500000000000000e+02
1.712500000000000000e+02
1.717500000000000000e+02
1.717500000000000000e+02
1.710000000000000000e+02
1.700000000000000000e+02
1.707500000000000000e+02
1.707500000000000000e+02
1.705000000000000000e+02
1.702500000000000000e+02
1.702500000000000000e+02
1.707500000000000000e+02
1.697500000000000000e+02
1.707500000000000000e+02
1.707500000000000000e+02
1.707500000000000000e+02
1.697500000000000000e+02
1.697500000000000000e+02
1.710000000000000000e+02
1.700000000000000000e+02
1.715000000000000000e+02
1.715000000000000000e+02
1.710000000000000000e+02
1.707500000000000000e+02
1.707500000000000000e+02
1.712500000000000000e+02
1.720000000000000000e+02
1.727500000000000000e+02
1.727500000000000000e+02
1.725000000000000000e+02
1.715000000000000000e+02
1.715000000000000000e+02
1.705000000000000000e+02
1.717500000000000000e+02
1.705000000000000000e+02
1.705000000000000000e+02
1.717500000000000000e+02
1.692500000000000000e+02
1.692500000000000000e+02
1.697500000000000000e+02
1.695000000000000000e+02
1.695000000000000000e+02
1.682500000000000000e+02
1.700000000000000000e+02
1.687500000000000000e+02
1.687500000000000000e+02
1.690000000000000000e+02
1.690000000000000000e+02
1.690000000000000000e+02
1.697500000000000000e+02
1.682500000000000000e+02
1.700000000000000000e+02
1.700000000000000000e+02
1.702500000000000000e+02
1.695000000000000000e+02
1.695000000000000000e+02
1.697500000000000000e+02
1.702500000000000000e+02
1.695000000000000000e+02
1.695000000000000000e+02
1.702500000000000000e+02
1.690000000000000000e+02
1.690000000000000000e+02
1.685000000000000000e+02
1.667500000000000000e+02
1.667500000000000000e+02
1.677500000000000000e+02
1.682500000000000000e+02
1.677500000000000000e+02
1.677500000000000000e+02
1.672500000000000000e+02
1.680000000000000000e+02
1.680000000000000000e+02
1.682500000000000000e+02
1.682500000000000000e+02
1.682500000000000000e+02
1.690000000000000000e+02
1.690000000000000000e+02
1.692500000000000000e+02
1.692500000000000000e+02
1.690000000000000000e+02
1.687500000000000000e+02
1.687500000000000000e+02
1.692500000000000000e+02
1.695000000000000000e+02
1.695000000000000000e+02
1.697500000000000000e+02
1.697500000000000000e+02
1.687500000000000000e+02
1.687500000000000000e+02
1.697500000000000000e+02
1.697500000000000000e+02
1.697500000000000000e+02
1.695000000000000000e+02
1.695000000000000000e+02
1.692500000000000000e+02
1.692500000000000000e+02
1.717500000000000000e+02
1.707500000000000000e+02
1.707500000000000000e+02
1.707500000000000000e+02
1.707500000000000000e+02
1.705000000000000000e+02
1.705000000000000000e+02
1.702500000000000000e+02
1.705000000000000000e+02
1.705000000000000000e+02
1.725000000000000000e+02
1.685000000000000000e+02
1.685000000000000000e+02
1.697500000000000000e+02
1.702500000000000000e+02
1.707500000000000000e+02
1.707500000000000000e+02
1.710000000000000000e+02
1.682500000000000000e+02
1.682500000000000000e+02
1.642500000000000000e+02
1.632500000000000000e+02
1.632500000000000000e+02
1.632500000000000000e+02
1.632500000000000000e+02
1.677500000000000000e+02
1.677500000000000000e+02
1.690000000000000000e+02
1.692500000000000000e+02
1.692500000000000000e+02
1.697500000000000000e+02
1.697500000000000000e+02
1.702500000000000000e+02
1.702500000000000000e+02
1.707500000000000000e+02
1.702500000000000000e+02
1.702500000000000000e+02
1.692500000000000000e+02
1.700000000000000000e+02
1.700000000000000000e+02
1.695000000000000000e+02
1.695000000000000000e+02
1.705000000000000000e+02
1.705000000000000000e+02
1.697500000000000000e+02
1.705000000000000000e+02
1.705000000000000000e+02
1.707500000000000000e+02
1.707500000000000000e+02
1.707500000000000000e+02
1.707500000000000000e+02
1.710000000000000000e+02
1.707500000000000000e+02
1.707500000000000000e+02
1.712500000000000000e+02
1.702500000000000000e+02
1.705000000000000000e+02
1.705000000000000000e+02
1.700000000000000000e+02
1.700000000000000000e+02
1.700000000000000000e+02
1.690000000000000000e+02
1.690000000000000000e+02
1.690000000000000000e+02
1.682500000000000000e+02
1.687500000000000000e+02
1.685000000000000000e+02
1.685000000000000000e+02
1.677500000000000000e+02
1.677500000000000000e+02
1.677500000000000000e+02
1.680000000000000000e+02
1.675000000000000000e+02
1.675000000000000000e+02
1.675000000000000000e+02
1.670000000000000000e+02
1.662500000000000000e+02
1.662500000000000000e+02
1.662500000000000000e+02
1.662500000000000000e+02
1.662500000000000000e+02
1.665000000000000000e+02
1.655000000000000000e+02
1.655000000000000000e+02
1.672500000000000000e+02
1.667500000000000000e+02
1.675000000000000000e+02
1.675000000000000000e+02
1.667500000000000000e+02
1.660000000000000000e+02
1.660000000000000000e+02
1.672500000000000000e+02
1.665000000000000000e+02
1.665000000000000000e+02
1.667500000000000000e+02
1.670000000000000000e+02
1.670000000000000000e+02
1.675000000000000000e+02
1.672500000000000000e+02
1.662500000000000000e+02
1.662500000000000000e+02
1.665000000000000000e+02
1.665000000000000000e+02
1.665000000000000000e+02
1.682500000000000000e+02
1.652500000000000000e+02
1.652500000000000000e+02
1.672500000000000000e+02
1.675000000000000000e+02
1.675000000000000000e+02
1.675000000000000000e+02
1.672500000000000000e+02
1.665000000000000000e+02
1.665000000000000000e+02
1.675000000000000000e+02
1.667500000000000000e+02
1.667500000000000000e+02
1.675000000000000000e+02
1.670000000000000000e+02
1.680000000000000000e+02
1.680000000000000000e+02
1.675000000000000000e+02
1.675000000000000000e+02
1.675000000000000000e+02
1.675000000000000000e+02
1.670000000000000000e+02
1.670000000000000000e+02
1.670000000000000000e+02
1.680000000000000000e+02
1.680000000000000000e+02
1.675000000000000000e+02
1.672500000000000000e+02
1.670000000000000000e+02
1.670000000000000000e+02
1.670000000000000000e+02
1.670000000000000000e+02
1.670000000000000000e+02
1.685000000000000000e+02
1.682500000000000000e+02
1.682500000000000000e+02
1.680000000000000000e+02
1.682500000000000000e+02
1.680000000000000000e+02
1.680000000000000000e+02
1.690000000000000000e+02
1.687500000000000000e+02
1.687500000000000000e+02
1.672500000000000000e+02
1.682500000000000000e+02
1.685000000000000000e+02
1.685000000000000000e+02
1.677500000000000000e+02
1.665000000000000000e+02
1.665000000000000000e+02
1.662500000000000000e+02
1.660000000000000000e+02
1.660000000000000000e+02
1.672500000000000000e+02
1.665000000000000000e+02
1.665000000000000000e+02
1.667500000000000000e+02
1.675000000000000000e+02
1.675000000000000000e+02
1.662500000000000000e+02
1.685000000000000000e+02
1.665000000000000000e+02
1.665000000000000000e+02
1.672500000000000000e+02
1.675000000000000000e+02
1.675000000000000000e+02
1.702500000000000000e+02
1.665000000000000000e+02
1.665000000000000000e+02
1.680000000000000000e+02
1.672500000000000000e+02
1.667500000000000000e+02
1.667500000000000000e+02
1.682500000000000000e+02
1.667500000000000000e+02
1.667500000000000000e+02
1.680000000000000000e+02
1.660000000000000000e+02
1.660000000000000000e+02
1.685000000000000000e+02
1.675000000000000000e+02
1.675000000000000000e+02
1.675000000000000000e+02
1.682500000000000000e+02
1.685000000000000000e+02
1.685000000000000000e+02
1.672500000000000000e+02
1.685000000000000000e+02
1.685000000000000000e+02
1.675000000000000000e+02
1.680000000000000000e+02
1.690000000000000000e+02
1.690000000000000000e+02
1.687500000000000000e+02
1.687500000000000000e+02
1.687500000000000000e+02
1.690000000000000000e+02
1.682500000000000000e+02
1.682500000000000000e+02
1.690000000000000000e+02
1.690000000000000000e+02
1.675000000000000000e+02
1.675000000000000000e+02
1.675000000000000000e+02
1.680000000000000000e+02
1.680000000000000000e+02
1.682500000000000000e+02
1.690000000000000000e+02
1.682500000000000000e+02
1.682500000000000000e+02
1.682500000000000000e+02
1.685000000000000000e+02
1.685000000000000000e+02
1.677500000000000000e+02
1.690000000000000000e+02
1.690000000000000000e+02
1.682500000000000000e+02
1.682500000000000000e+02
1.682500000000000000e+02
1.687500000000000000e+02
1.680000000000000000e+02
1.680000000000000000e+02
1.680000000000000000e+02
1.697500000000000000e+02
1.672500000000000000e+02
1.672500000000000000e+02
1.685000000000000000e+02
1.695000000000000000e+02
1.695000000000000000e+02
1.677500000000000000e+02
1.682500000000000000e+02
1.687500000000000000e+02
1.687500000000000000e+02
1.690000000000000000e+02
1.690000000000000000e+02
1.690000000000000000e+02
1.687500000000000000e+02
1.692500000000000000e+02
1.692500000000000000e+02
1.687500000000000000e+02
1.695000000000000000e+02
1.687500000000000000e+02
1.687500000000000000e+02
1.687500000000000000e+02
1.697500000000000000e+02
1.697500000000000000e+02
1.695000000000000000e+02
1.705000000000000000e+02
1.695000000000000000e+02
1.695000000000000000e+02
1.705000000000000000e+02
1.705000000000000000e+02
1.705000000000000000e+02
1.707500000000000000e+02
1.710000000000000000e+02
1.710000000000000000e+02
1.705000000000000000e+02
1.695000000000000000e+02
1.680000000000000000e+02
1.680000000000000000e+02
1.667500000000000000e+02
1.640000000000000000e+02
1.640000000000000000e+02
1.652500000000000000e+02
1.667500000000000000e+02
1.667500000000000000e+02
1.677500000000000000e+02
1.670000000000000000e+02
1.677500000000000000e+02
1.677500000000000000e+02
1.695000000000000000e+02
1.660000000000000000e+02
1.687500000000000000e+02
1.687500000000000000e+02
1.687500000000000000e+02
1.692500000000000000e+02
1.692500000000000000e+02
1.695000000000000000e+02
1.697500000000000000e+02
1.697500000000000000e+02
1.697500000000000000e+02
1.705000000000000000e+02
1.705000000000000000e+02
1.700000000000000000e+02
1.702500000000000000e+02
1.707500000000000000e+02
1.707500000000000000e+02
1.707500000000000000e+02
1.707500000000000000e+02
1.707500000000000000e+02
1.715000000000000000e+02
1.712500000000000000e+02
1.710000000000000000e+02
1.710000000000000000e+02
1.707500000000000000e+02
1.712500000000000000e+02
1.712500000000000000e+02
1.715000000000000000e+02
1.715000000000000000e+02
1.715000000000000000e+02
1.715000000000000000e+02
1.710000000000000000e+02
1.727500000000000000e+02
1.710000000000000000e+02
1.710000000000000000e+02
1.717500000000000000e+02
1.717500000000000000e+02
1.717500000000000000e+02
1.720000000000000000e+02
1.715000000000000000e+02
1.715000000000000000e+02
1.722500000000000000e+02
1.717500000000000000e+02
1.730000000000000000e+02
1.730000000000000000e+02
1.722500000000000000e+02
1.725000000000000000e+02
1.725000000000000000e+02
1.725000000000000000e+02
1.725000000000000000e+02
1.712500000000000000e+02
1.712500000000000000e+02
1.722500000000000000e+02
1.735000000000000000e+02
1.730000000000000000e+02
1.730000000000000000e+02
1.732500000000000000e+02
1.722500000000000000e+02
1.722500000000000000e+02
1.732500000000000000e+02
1.722500000000000000e+02
1.730000000000000000e+02
1.730000000000000000e+02
1.730000000000000000e+02
1.735000000000000000e+02
1.725000000000000000e+02
1.725000000000000000e+02
1.732500000000000000e+02
1.727500000000000000e+02
1.727500000000000000e+02
1.732500000000000000e+02
1.727500000000000000e+02
1.727500000000000000e+02
1.727500000000000000e+02
1.737500000000000000e+02
1.712500000000000000e+02
1.712500000000000000e+02
1.727500000000000000e+02
1.725000000000000000e+02
1.725000000000000000e+02
1.730000000000000000e+02
1.727500000000000000e+02
1.730000000000000000e+02
1.730000000000000000e+02
1.727500000000000000e+02
1.732500000000000000e+02
1.720000000000000000e+02
1.720000000000000000e+02
1.737500000000000000e+02
1.730000000000000000e+02
1.730000000000000000e+02
1.732500000000000000e+02
1.725000000000000000e+02
1.732500000000000000e+02
1.732500000000000000e+02
1.725000000000000000e+02
1.727500000000000000e+02
1.727500000000000000e+02
1.727500000000000000e+02
1.725000000000000000e+02
1.735000000000000000e+02
1.735000000000000000e+02
1.730000000000000000e+02
1.737500000000000000e+02
1.720000000000000000e+02
1.720000000000000000e+02
1.727500000000000000e+02
1.730000000000000000e+02
1.730000000000000000e+02
1.722500000000000000e+02
1.720000000000000000e+02
1.725000000000000000e+02
1.725000000000000000e+02
1.725000000000000000e+02
1.722500000000000000e+02
1.722500000000000000e+02
1.725000000000000000e+02
1.722500000000000000e+02
1.725000000000000000e+02
1.725000000000000000e+02
1.727500000000000000e+02
1.720000000000000000e+02
1.720000000000000000e+02
1.730000000000000000e+02
1.720000000000000000e+02
1.727500000000000000e+02
1.727500000000000000e+02
1.722500000000000000e+02
1.725000000000000000e+02
1.722500000000000000e+02
1.722500000000000000e+02
1.722500000000000000e+02
1.727500000000000000e+02
1.727500000000000000e+02
1.717500000000000000e+02
1.735000000000000000e+02
1.732500000000000000e+02
1.732500000000000000e+02
1.730000000000000000e+02
1.730000000000000000e+02
1.730000000000000000e+02
1.720000000000000000e+02
1.715000000000000000e+02
1.727500000000000000e+02
1.727500000000000000e+02
1.722500000000000000e+02
1.725000000000000000e+02
1.725000000000000000e+02
1.722500000000000000e+02
1.732500000000000000e+02
1.722500000000000000e+02
1.722500000000000000e+02
1.722500000000000000e+02
1.730000000000000000e+02
1.730000000000000000e+02
1.742500000000000000e+02
1.717500000000000000e+02
1.727500000000000000e+02
1.727500000000000000e+02
1.717500000000000000e+02
1.720000000000000000e+02
1.722500000000000000e+02
1.722500000000000000e+02
1.730000000000000000e+02
1.720000000000000000e+02
1.720000000000000000e+02
1.712500000000000000e+02
1.717500000000000000e+02
1.710000000000000000e+02
1.710000000000000000e+02
1.717500000000000000e+02
1.712500000000000000e+02
1.712500000000000000e+02
1.712500000000000000e+02
1.715000000000000000e+02
1.715000000000000000e+02
1.715000000000000000e+02
1.720000000000000000e+02
1.720000000000000000e+02
1.720000000000000000e+02
1.727500000000000000e+02
1.725000000000000000e+02
1.732500000000000000e+02
1.732500000000000000e+02
1.735000000000000000e+02
1.737500000000000000e+02
1.737500000000000000e+02
1.742500000000000000e+02
1.745000000000000000e+02
1.745000000000000000e+02
1.745000000000000000e+02
1.752500000000000000e+02
1.755000000000000000e+02
1.750000000000000000e+02
1.750000000000000000e+02
1.755000000000000000e+02
1.750000000000000000e+02
1.750000000000000000e+02
1.762500000000000000e+02
1.772500000000000000e+02
1.760000000000000000e+02
1.760000000000000000e+02
1.767500000000000000e+02
1.772500000000000000e+02
1.777500000000000000e+02
1.777500000000000000e+02
1.780000000000000000e+02
1.772500000000000000e+02
1.777500000000000000e+02
1.777500000000000000e+02
1.777500000000000000e+02
1.777500000000000000e+02
1.762500000000000000e+02
1.762500000000000000e+02
1.770000000000000000e+02
1.762500000000000000e+02
1.765000000000000000e+02
1.765000000000000000e+02
1.765000000000000000e+02
1.765000000000000000e+02
1.765000000000000000e+02
1.760000000000000000e+02
1.755000000000000000e+02
1.755000000000000000e+02
1.755000000000000000e+02
1.750000000000000000e+02
1.762500000000000000e+02
1.735000000000000000e+02
1.735000000000000000e+02
1.742500000000000000e+02
1.742500000000000000e+02
1.742500000000000000e+02
1.732500000000000000e+02
1.737500000000000000e+02
1.727500000000000000e+02
1.727500000000000000e+02
1.735000000000000000e+02
1.735000000000000000e+02
1.722500000000000000e+02
1.722500000000000000e+02
1.737500000000000000e+02
1.712500000000000000e+02
1.712500000000000000e+02
1.720000000000000000e+02
1.720000000000000000e+02
1.720000000000000000e+02
1.720000000000000000e+02
1.712500000000000000e+02
1.725000000000000000e+02
1.725000000000000000e+02
1.717500000000000000e+02
1.712500000000000000e+02
1.715000000000000000e+02
1.715000000000000000e+02
1.715000000000000000e+02
1.715000000000000000e+02
1.715000000000000000e+02
1.715000000000000000e+02
1.712500000000000000e+02
1.705000000000000000e+02
1.705000000000000000e+02
1.705000000000000000e+02
1.725000000000000000e+02
1.725000000000000000e+02
1.692500000000000000e+02
1.707500000000000000e+02
1.707500000000000000e+02
1.705000000000000000e+02
1.700000000000000000e+02
1.697500000000000000e+02
1.697500000000000000e+02
1.707500000000000000e+02
1.705000000000000000e+02
1.705000000000000000e+02
1.707500000000000000e+02
1.707500000000000000e+02
1.707500000000000000e+02
1.707500000000000000e+02
1.705000000000000000e+02
1.712500000000000000e+02
1.712500000000000000e+02
1.712500000000000000e+02
1.707500000000000000e+02
1.702500000000000000e+02
1.702500000000000000e+02
1.707500000000000000e+02
1.687500000000000000e+02
1.687500000000000000e+02
1.700000000000000000e+02
1.702500000000000000e+02
1.700000000000000000e+02
1.700000000000000000e+02
1.700000000000000000e+02
1.697500000000000000e+02
1.697500000000000000e+02
1.705000000000000000e+02
1.702500000000000000e+02
1.692500000000000000e+02
1.692500000000000000e+02
1.697500000000000000e+02
1.692500000000000000e+02
1.692500000000000000e+02
1.697500000000000000e+02
1.700000000000000000e+02
1.700000000000000000e+02
1.687500000000000000e+02
1.700000000000000000e+02
1.702500000000000000e+02
1.702500000000000000e+02
1.692500000000000000e+02
1.695000000000000000e+02
1.695000000000000000e+02
1.692500000000000000e+02
1.687500000000000000e+02
1.687500000000000000e+02
1.687500000000000000e+02
1.695000000000000000e+02
1.692500000000000000e+02
1.692500000000000000e+02
1.692500000000000000e+02
1.697500000000000000e+02
1.695000000000000000e+02
1.695000000000000000e+02
1.707500000000000000e+02
1.690000000000000000e+02
1.690000000000000000e+02
1.692500000000000000e+02
1.697500000000000000e+02
1.697500000000000000e+02
1.705000000000000000e+02
1.702500000000000000e+02
1.712500000000000000e+02
1.712500000000000000e+02
1.700000000000000000e+02
1.712500000000000000e+02
1.712500000000000000e+02
1.700000000000000000e+02
1.690000000000000000e+02
1.690000000000000000e+02
1.690000000000000000e+02
1.690000000000000000e+02
1.690000000000000000e+02
1.690000000000000000e+02
1.690000000000000000e+02
1.690000000000000000e+02
1.690000000000000000e+02
1.690000000000000000e+02
1.690000000000000000e+02
1.690000000000000000e+02
1.690000000000000000e+02
1.690000000000000000e+02
1.688947368421052602e+02
1.687894736842105203e+02
1.686842105263157805e+02
1.685789473684210407e+02
1.684736842105263293e+02
1.683684210526315894e+02
1.682631578947368496e+02
1.681578947368421098e+02
1.680526315789473699e+02
1.679473684210526301e+02
1.678421052631578902e+02
1.677368421052631504e+02
1.676315789473684106e+02
1.675263157894736707e+02
1.674210526315789593e+02
1.673157894736842195e+02
1.672105263157894797e+02
1.671052631578947398e+02
1.670000000000000000e+02
1.670000000000000000e+02
1.670000000000000000e+02
1.670000000000000000e+02
1.670000000000000000e+02
1.670000000000000000e+02
1.670000000000000000e+02
1.670000000000000000e+02
1.670000000000000000e+02
1.670000000000000000e+02
1.670000000000000000e+02
1.670000000000000000e+02
1.670000000000000000e+02
1.670000000000000000e+02
1.670000000000000000e+02
1.670000000000000000e+02
1.670000000000000000e+02
1.677500000000000000e+02
1.687500000000000000e+02
1.687500000000000000e+02
1.677500000000000000e+02
1.677500000000000000e+02
1.675000000000000000e+02
1.675000000000000000e+02
1.670000000000000000e+02
1.670000000000000000e+02
1.672500000000000000e+02
1.672500000000000000e+02
1.672500000000000000e+02
1.672500000000000000e+02
1.675000000000000000e+02
1.657500000000000000e+02
1.657500000000000000e+02
1.635000000000000000e+02
1.630000000000000000e+02
1.630000000000000000e+02
1.635000000000000000e+02
1.637500000000000000e+02
1.637500000000000000e+02
1.650000000000000000e+02
1.642500000000000000e+02
1.642500000000000000e+02
1.645000000000000000e+02
1.647500000000000000e+02
1.642500000000000000e+02
1.642500000000000000e+02
1.652500000000000000e+02
1.640000000000000000e+02
1.640000000000000000e+02
1.640000000000000000e+02
1.642500000000000000e+02
1.642500000000000000e+02
1.647500000000000000e+02
1.632500000000000000e+02
1.632500000000000000e+02
1.615000000000000000e+02
1.612500000000000000e+02
1.612500000000000000e+02
1.622500000000000000e+02
1.620000000000000000e+02
1.620000000000000000e+02
1.617500000000000000e+02
1.627500000000000000e+02
1.627500000000000000e+02
1.647500000000000000e+02
1.627500000000000000e+02
1.627500000000000000e+02
1.615000000000000000e+02
1.617500000000000000e+02
1.610000000000000000e+02
1.610000000000000000e+02
1.610000000000000000e+02
1.610000000000000000e+02
1.610000000000000000e+02
1.620000000000000000e+02
1.625000000000000000e+02
1.625000000000000000e+02
1.620000000000000000e+02
1.622500000000000000e+02
1.622500000000000000e+02
1.602500000000000000e+02
1.592500000000000000e+02
1.592500000000000000e+02
1.592500000000000000e+02
1.560000000000000000e+02
1.560000000000000000e+02
1.572500000000000000e+02
1.552500000000000000e+02
1.552500000000000000e+02
1.587500000000000000e+02
1.587500000000000000e+02
1.557500000000000000e+02
1.577500000000000000e+02
1.590000000000000000e+02
1.590000000000000000e+02
1.580000000000000000e+02
1.580000000000000000e+02
1.577500000000000000e+02
1.547500000000000000e+02
1.547500000000000000e+02
1.540000000000000000e+02
1.480000000000000000e+02
1.480000000000000000e+02
1.512500000000000000e+02
1.512500000000000000e+02
1.507500000000000000e+02
1.512500000000000000e+02
1.512500000000000000e+02
1.515000000000000000e+02
1.532500000000000000e+02
1.532500000000000000e+02
1.510000000000000000e+02
1.540000000000000000e+02
1.540000000000000000e+02
1.515000000000000000e+02
1.497500000000000000e+02
1.497500000000000000e+02
1.430000000000000000e+02
1.430000000000000000e+02
1.472500000000000000e+02
1.472500000000000000e+02
1.472500000000000000e+02
1.472500000000000000e+02
1.472500000000000000e+02
1.515000000000000000e+02
1.472500000000000000e+02
1.472500000000000000e+02
1.485000000000000000e+02
1.485000000000000000e+02
1.470000000000000000e+02
1.497500000000000000e+02
1.497500000000000000e+02
1.437500000000000000e+02
1.492500000000000000e+02
1.492500000000000000e+02
1.470000000000000000e+02
1.470000000000000000e+02
1.455000000000000000e+02
1.460000000000000000e+02
1.460000000000000000e+02
1.465000000000000000e+02
1.442500000000000000e+02
1.442500000000000000e+02
1.465000000000000000e+02
1.465000000000000000e+02
1.362500000000000000e+02
1.362500000000000000e+02
1.347500000000000000e+02
1.347500000000000000e+02
1.355000000000000000e+02
1.347500000000000000e+02
1.347500000000000000e+02
1.360000000000000000e+02
1.360000000000000000e+02
1.372500000000000000e+02
1.372500000000000000e+02
1.355000000000000000e+02
1.355000000000000000e+02
1.330000000000000000e+02
1.330000000000000000e+02
1.330000000000000000e+02
1.330000000000000000e+02
1.330000000000000000e+02
1.330000000000000000e+02
1.330000000000000000e+02
1.330000000000000000e+02
1.330000000000000000e+02
1.330000000000000000e+02
1.330000000000000000e+02
1.330000000000000000e+02
1.330000000000000000e+02
1.357500000000000000e+02
1.357500000000000000e+02
1.425000000000000000e+02
1.425000000000000000e+02
1.465000000000000000e+02
1.467500000000000000e+02
1.467500000000000000e+02
1.475000000000000000e+02
1.475000000000000000e+02
1.442500000000000000e+02
1.442500000000000000e+02
1.442500000000000000e+02
1.420000000000000000e+02
1.420000000000000000e+02
1.337500000000000000e+02
1.337500000000000000e+02
1.107500000000000000e+02
1.107500000000000000e+02
1.052500000000000000e+02
1.052500000000000000e+02
1.217500000000000000e+02
1.217500000000000000e+02
1.205000000000000000e+02
1.205000000000000000e+02
1.205000000000000000e+02
1.150000000000000000e+02
1.150000000000000000e+02
1.052500000000000000e+02
1.052500000000000000e+02
1.035000000000000000e+02
1.035000000000000000e+02
1.035000000000000000e+02
9.475000000000000000e+01
9.475000000000000000e+01
1.122500000000000000e+02
1.122500000000000000e+02
1.062500000000000000e+02
1.062500000000000000e+02
1.120000000000000000e+02
1.120000000000000000e+02
1.115000000000000000e+02
1.115000000000000000e+02
1.100000000000000000e+02
1.100000000000000000e+02
1.100000000000000000e+02
1.045000000000000000e+02
1.045000000000000000e+02
1.042500000000000000e+02
1.042500000000000000e+02
1.115000000000000000e+02
1.115000000000000000e+02
1.120000000000000000e+02
1.120000000000000000e+02
1.120000000000000000e+02
1.115000000000000000e+02
1.252500000000000000e+02
1.252500000000000000e+02
1.285000000000000000e+02
1.285000000000000000e+02
1.237500000000000000e+02
1.237500000000000000e+02
1.095000000000000000e+02
1.095000000000000000e+02
1.142500000000000000e+02
1.142500000000000000e+02
1.210000000000000000e+02
1.210000000000000000e+02
1.275000000000000000e+02
1.275000000000000000e+02
1.370000000000000000e+02
1.370000000000000000e+02
1.395000000000000000e+02
1.395000000000000000e+02
1.422500000000000000e+02
1.407500000000000000e+02
1.407500000000000000e+02
1.430000000000000000e+02
1.430000000000000000e+02
1.412500000000000000e+02
1.417500000000000000e+02
1.417500000000000000e+02
1.410000000000000000e+02
1.410000000000000000e+02
1.420000000000000000e+02
1.435000000000000000e+02
1.435000000000000000e+02
1.452500000000000000e+02
1.452500000000000000e+02
1.420000000000000000e+02
1.420000000000000000e+02
1.422500000000000000e+02
1.375000000000000000e+02
1.375000000000000000e+02
1.267500000000000000e+02
1.267500000000000000e+02
1.237500000000000000e+02
1.237500000000000000e+02
1.300000000000000000e+02
1.300000000000000000e+02
1.340000000000000000e+02
1.302500000000000000e+02
1.302500000000000000e+02
1.152500000000000000e+02
1.152500000000000000e+02
1.252500000000000000e+02
1.252500000000000000e+02
1.367500000000000000e+02
1.367500000000000000e+02
1.352500000000000000e+02
1.352500000000000000e+02
1.392500000000000000e+02
1.452500000000000000e+02
1.452500000000000000e+02
1.410000000000000000e+02
1.410000000000000000e+02
1.517500000000000000e+02
1.545000000000000000e+02
1.545000000000000000e+02
1.540000000000000000e+02
1.567500000000000000e+02
1.567500000000000000e+02
1.562500000000000000e+02
1.530000000000000000e+02
1.530000000000000000e+02
1.532500000000000000e+02
1.532500000000000000e+02
1.535000000000000000e+02
1.520000000000000000e+02
1.520000000000000000e+02
1.532500000000000000e+02
1.530000000000000000e+02
1.530000000000000000e+02
1.502500000000000000e+02
1.497500000000000000e+02
1.497500000000000000e+02
1.505000000000000000e+02
1.505000000000000000e+02
1.500000000000000000e+02
1.487500000000000000e+02
1.487500000000000000e+02
1.425000000000000000e+02
1.425000000000000000e+02
1.372500000000000000e+02
1.372500000000000000e+02
1.340000000000000000e+02
1.307500000000000000e+02
1.307500000000000000e+02
1.307500000000000000e+02
1.307500000000000000e+02
1.287500000000000000e+02
1.287500000000000000e+02
1.305000000000000000e+02
1.305000000000000000e+02
1.287500000000000000e+02
1.287500000000000000e+02
1.302500000000000000e+02
1.285000000000000000e+02
1.285000000000000000e+02
1.335000000000000000e+02
1.335000000000000000e+02
1.360000000000000000e+02
1.360000000000000000e+02
1.392500000000000000e+02
1.497500000000000000e+02
1.497500000000000000e+02
1.552500000000000000e+02
1.572500000000000000e+02
1.572500000000000000e+02
1.567500000000000000e+02
1.567500000000000000e+02
1.555000000000000000e+02
1.567500000000000000e+02
1.567500000000000000e+02
1.577500000000000000e+02
1.585000000000000000e+02
1.585000000000000000e+02
1.592500000000000000e+02
1.577500000000000000e+02
1.577500000000000000e+02
1.595000000000000000e+02
1.565000000000000000e+02
1.565000000000000000e+02
1.560000000000000000e+02
1.565000000000000000e+02
1.565000000000000000e+02
1.542500000000000000e+02
1.495000000000000000e+02
1.495000000000000000e+02
1.460000000000000000e+02
1.460000000000000000e+02
1.455000000000000000e+02
1.462500000000000000e+02
1.462500000000000000e+02
1.452500000000000000e+02
1.427500000000000000e+02
1.427500000000000000e+02
1.477500000000000000e+02
1.477500000000000000e+02
1.450000000000000000e+02
1.425000000000000000e+02
1.425000000000000000e+02
1.420000000000000000e+02
1.420000000000000000e+02
1.422500000000000000e+02
1.422500000000000000e+02
1.422500000000000000e+02
1.440000000000000000e+02
1.440000000000000000e+02
1.460000000000000000e+02
1.460000000000000000e+02
1.520000000000000000e+02
1.535000000000000000e+02
1.535000000000000000e+02
1.550000000000000000e+02
1.535000000000000000e+02
1.535000000000000000e+02
1.605000000000000000e+02
1.600000000000000000e+02
1.600000000000000000e+02
1.602500000000000000e+02
1.580000000000000000e+02
1.580000000000000000e+02
1.602500000000000000e+02
1.622500000000000000e+02
1.622500000000000000e+02
1.620000000000000000e+02
1.630000000000000000e+02
1.630000000000000000e+02
1.637500000000000000e+02
1.627500000000000000e+02
1.627500000000000000e+02
1.587500000000000000e+02
1.665000000000000000e+02
1.690000000000000000e+02
1.690000000000000000e+02
1.657500000000000000e+02
1.680000000000000000e+02
1.680000000000000000e+02
1.615000000000000000e+02
1.610000000000000000e+02
1.610000000000000000e+02
1.602500000000000000e+02
1.607500000000000000e+02
1.607500000000000000e+02
1.597500000000000000e+02
1.605000000000000000e+02
1.605000000000000000e+02
1.605000000000000000e+02
1.607500000000000000e+02
1.607500000000000000e+02
1.590000000000000000e+02
1.545000000000000000e+02
1.545000000000000000e+02
1.545000000000000000e+02
1.550000000000000000e+02
1.550000000000000000e+02
1.540000000000000000e+02
1.540000000000000000e+02
1.457500000000000000e+02
1.387500000000000000e+02
1.387500000000000000e+02
1.340000000000000000e+02
1.340000000000000000e+02
1.322500000000000000e+02
1.322500000000000000e+02
1.330000000000000000e+02
1.330000000000000000e+02
1.350000000000000000e+02
1.365000000000000000e+02
1.365000000000000000e+02
1.387500000000000000e+02
1.387500000000000000e+02
1.400000000000000000e+02
1.447500000000000000e+02
1.447500000000000000e+02
1.537500000000000000e+02
1.537500000000000000e+02
1.540000000000000000e+02
1.530000000000000000e+02
1.530000000000000000e+02
1.522500000000000000e+02
1.535000000000000000e+02
1.535000000000000000e+02
1.525000000000000000e+02
1.540000000000000000e+02
1.540000000000000000e+02
1.547500000000000000e+02
1.580000000000000000e+02
1.580000000000000000e+02
1.552500000000000000e+02
1.567500000000000000e+02
1.567500000000000000e+02
1.542500000000000000e+02
1.542500000000000000e+02
1.512500000000000000e+02
1.480000000000000000e+02
1.480000000000000000e+02
1.492500000000000000e+02
1.527500000000000000e+02
1.527500000000000000e+02
1.540000000000000000e+02
1.540000000000000000e+02
1.535000000000000000e+02
1.500000000000000000e+02
1.500000000000000000e+02
1.477500000000000000e+02
1.450000000000000000e+02
1.450000000000000000e+02
1.317500000000000000e+02
1.317500000000000000e+02
1.365000000000000000e+02
1.365000000000000000e+02
1.382500000000000000e+02
1.382500000000000000e+02
1.367500000000000000e+02
1.365000000000000000e+02
1.365000000000000000e+02
1.380000000000000000e+02
1.380000000000000000e+02
1.382500000000000000e+02
1.385000000000000000e+02
1.385000000000000000e+02
1.370000000000000000e+02
1.370000000000000000e+02
1.382500000000000000e+02
1.382500000000000000e+02
1.372500000000000000e+02
1.447500000000000000e+02
1.447500000000000000e+02
1.455000000000000000e+02
1.455000000000000000e+02
1.417500000000000000e+02
1.417500000000000000e+02
1.365000000000000000e+02
1.380000000000000000e+02
1.380000000000000000e+02
1.495000000000000000e+02
1.500000000000000000e+02
1.500000000000000000e+02
1.525000000000000000e+02
1.525000000000000000e+02
1.550000000000000000e+02
1.510000000000000000e+02
1.510000000000000000e+02
1.495000000000000000e+02
1.470000000000000000e+02
1.470000000000000000e+02
1.370000000000000000e+02
1.370000000000000000e+02
1.297500000000000000e+02
1.297500000000000000e+02
1.322500000000000000e+02
1.322500000000000000e+02
1.310000000000000000e+02
1.310000000000000000e+02
1.267500000000000000e+02
1.260000000000000000e+02
1.260000000000000000e+02
1.277500000000000000e+02
1.277500000000000000e+02
1.297500000000000000e+02
1.297500000000000000e+02
1.332500000000000000e+02
1.332500000000000000e+02
1.305000000000000000e+02
1.305000000000000000e+02
1.200000000000000000e+02
1.200000000000000000e+02
1.055000000000000000e+02
1.055000000000000000e+02
1.055000000000000000e+02
1.002500000000000000e+02
1.002500000000000000e+02
1.017500000000000000e+02
1.017500000000000000e+02
1.090000000000000000e+02
1.090000000000000000e+02
1.115000000000000000e+02
1.115000000000000000e+02
1.152500000000000000e+02
1.152500000000000000e+02
1.177500000000000000e+02
1.177500000000000000e+02
1.177500000000000000e+02
1.177500000000000000e+02
1.227500000000000000e+02
1.227500000000000000e+02
1.417500000000000000e+02
1.417500000000000000e+02
1.417500000000000000e+02
1.417500000000000000e+02
1.417500000000000000e+02
1.417500000000000000e+02
1.417500000000000000e+02
1.170000000000000000e+02
1.170000000000000000e+02
1.157500000000000000e+02
1.157500000000000000e+02
1.145000000000000000e+02
1.145000000000000000e+02
1.137500000000000000e+02
1.137500000000000000e+02
1.142500000000000000e+02
1.142500000000000000e+02
1.137500000000000000e+02
1.137500000000000000e+02
1.122500000000000000e+02
1.122500000000000000e+02
1.122500000000000000e+02
1.122500000000000000e+02
1.125000000000000000e+02
1.125000000000000000e+02
1.125000000000000000e+02
1.122500000000000000e+02
1.122500000000000000e+02
1.122500000000000000e+02
1.122500000000000000e+02
1.112500000000000000e+02
1.112500000000000000e+02
1.127500000000000000e+02
1.127500000000000000e+02
1.110000000000000000e+02
1.110000000000000000e+02
1.135000000000000000e+02
1.135000000000000000e+02
1.145000000000000000e+02
1.145000000000000000e+02
1.152500000000000000e+02
1.152500000000000000e+02
1.152500000000000000e+02
1.175000000000000000e+02
1.175000000000000000e+02
1.167500000000000000e+02
1.167500000000000000e+02
1.165000000000000000e+02
1.165000000000000000e+02
1.150000000000000000e+02
1.150000000000000000e+02
1.147500000000000000e+02
1.147500000000000000e+02
1.157500000000000000e+02
1.157500000000000000e+02
1.165000000000000000e+02
1.165000000000000000e+02
1.162500000000000000e+02
1.162500000000000000e+02
1.150000000000000000e+02
1.150000000000000000e+02
1.145000000000000000e+02
1.145000000000000000e+02
1.142500000000000000e+02
1.142500000000000000e+02
1.137500000000000000e+02
1.137500000000000000e+02
1.122500000000000000e+02
1.122500000000000000e+02
1.122500000000000000e+02
1.140000000000000000e+02
1.140000000000000000e+02
1.152500000000000000e+02
1.152500000000000000e+02
1.162500000000000000e+02
1.162500000000000000e+02
1.180000000000000000e+02
1.180000000000000000e+02
1.182500000000000000e+02
1.182500000000000000e+02
1.177500000000000000e+02
1.177500000000000000e+02
1.185000000000000000e+02
1.185000000000000000e+02
1.185000000000000000e+02
1.185000000000000000e+02
1.187500000000000000e+02
1.187500000000000000e+02
1.182500000000000000e+02
1.182500000000000000e+02
1.130000000000000000e+02
1.130000000000000000e+02
1.122500000000000000e+02
1.122500000000000000e+02
1.122500000000000000e+02
1.122500000000000000e+02
1.155000000000000000e+02
1.155000000000000000e+02
1.172500000000000000e+02
1.172500000000000000e+02
1.180000000000000000e+02
1.180000000000000000e+02
1.180000000000000000e+02
1.177500000000000000e+02
1.177500000000000000e+02
1.187500000000000000e+02
1.187500000000000000e+02
1.197500000000000000e+02
1.197500000000000000e+02
1.215000000000000000e+02
1.215000000000000000e+02
1.192500000000000000e+02
1.462500000000000000e+02
1.462500000000000000e+02
1.450000000000000000e+02
1.450000000000000000e+02
1.450000000000000000e+02
1.450000000000000000e+02
1.450000000000000000e+02
1.450000000000000000e+02
1.177500000000000000e+02
1.177500000000000000e+02
1.182500000000000000e+02
1.182500000000000000e+02
1.197500000000000000e+02
1.197500000000000000e+02
1.202500000000000000e+02
1.202500000000000000e+02
1.175000000000000000e+02
1.175000000000000000e+02
1.177500000000000000e+02
1.177500000000000000e+02
1.182500000000000000e+02
1.182500000000000000e+02
1.220000000000000000e+02
1.220000000000000000e+02
1.232500000000000000e+02
1.232500000000000000e+02
1.210000000000000000e+02
1.210000000000000000e+02
1.200000000000000000e+02
1.200000000000000000e+02
1.212500000000000000e+02
1.212500000000000000e+02
1.232500000000000000e+02
1.232500000000000000e+02
1.212500000000000000e+02
1.212500000000000000e+02
1.207500000000000000e+02
1.207500000000000000e+02
1.192500000000000000e+02
1.192500000000000000e+02
1.215000000000000000e+02
1.215000000000000000e+02
1.385000000000000000e+02
1.590000000000000000e+02
1.590000000000000000e+02
1.605000000000000000e+02
1.625000000000000000e+02
1.625000000000000000e+02
1.607500000000000000e+02
1.597500000000000000e+02
1.597500000000000000e+02
1.580000000000000000e+02
1.577500000000000000e+02
1.577500000000000000e+02
1.535000000000000000e+02
1.535000000000000000e+02
1.487500000000000000e+02
1.415000000000000000e+02
1.415000000000000000e+02
1.270000000000000000e+02
1.270000000000000000e+02
1.357500000000000000e+02
1.357500000000000000e+02
1.410000000000000000e+02
1.410000000000000000e+02
1.475000000000000000e+02
1.512500000000000000e+02
1.537500000000000000e+02
1.537500000000000000e+02
1.577500000000000000e+02
1.577500000000000000e+02
1.600000000000000000e+02
1.612500000000000000e+02
1.602500000000000000e+02
1.602500000000000000e+02
1.585000000000000000e+02
1.585000000000000000e+02
1.565000000000000000e+02
1.582500000000000000e+02
1.612500000000000000e+02
1.612500000000000000e+02
1.607500000000000000e+02
1.607500000000000000e+02
1.600000000000000000e+02
1.600000000000000000e+02
1.600000000000000000e+02
1.580000000000000000e+02
1.512500000000000000e+02
1.512500000000000000e+02
1.490000000000000000e+02
1.490000000000000000e+02
1.492500000000000000e+02
1.510000000000000000e+02
1.510000000000000000e+02
1.510000000000000000e+02
1.525000000000000000e+02
1.525000000000000000e+02
1.552500000000000000e+02
1.540000000000000000e+02
1.540000000000000000e+02
1.567500000000000000e+02
1.582500000000000000e+02
1.582500000000000000e+02
1.577500000000000000e+02
1.575000000000000000e+02
1.575000000000000000e+02
1.580000000000000000e+02
1.595000000000000000e+02
1.595000000000000000e+02
1.617500000000000000e+02
1.627500000000000000e+02
1.627500000000000000e+02
1.637500000000000000e+02
1.627500000000000000e+02
1.627500000000000000e+02
1.652500000000000000e+02
1.597500000000000000e+02
1.597500000000000000e+02
1.617500000000000000e+02
1.637500000000000000e+02
1.637500000000000000e+02
1.592500000000000000e+02
1.612500000000000000e+02
1.612500000000000000e+02
1.587500000000000000e+02
1.570000000000000000e+02
1.570000000000000000e+02
1.570000000000000000e+02
1.547500000000000000e+02
1.547500000000000000e+02
1.555000000000000000e+02
1.557500000000000000e+02
1.557500000000000000e+02
1.557500000000000000e+02
1.557500000000000000e+02
1.557500000000000000e+02
1.570000000000000000e+02
1.592500000000000000e+02
1.592500000000000000e+02
1.577500000000000000e+02
1.587500000000000000e+02
1.587500000000000000e+02
1.590000000000000000e+02
1.595000000000000000e+02
1.595000000000000000e+02
1.602500000000000000e+02
1.612500000000000000e+02
1.612500000000000000e+02
1.590000000000000000e+02
1.590000000000000000e+02
1.610000000000000000e+02
1.610000000000000000e+02
1.612500000000000000e+02
1.612500000000000000e+02
1.592500000000000000e+02
1.592500000000000000e+02
1.580000000000000000e+02
1.582500000000000000e+02
1.582500000000000000e+02
1.575000000000000000e+02
1.565000000000000000e+02
1.565000000000000000e+02
1.555000000000000000e+02
1.555000000000000000e+02
1.555000000000000000e+02
1.567500000000000000e+02
1.555000000000000000e+02
1.555000000000000000e+02
1.570000000000000000e+02
1.580000000000000000e+02
1.580000000000000000e+02
1.605000000000000000e+02
1.615000000000000000e+02
1.615000000000000000e+02
1.625000000000000000e+02
1.602500000000000000e+02
1.602500000000000000e+02
1.587500000000000000e+02
1.567500000000000000e+02
1.567500000000000000e+02
1.557500000000000000e+02
1.560000000000000000e+02
1.560000000000000000e+02
1.565000000000000000e+02
1.565000000000000000e+02
1.532500000000000000e+02
1.550000000000000000e+02
1.550000000000000000e+02
1.497500000000000000e+02
1.435000000000000000e+02
1.435000000000000000e+02
1.427500000000000000e+02
1.427500000000000000e+02
1.435000000000000000e+02
1.472500000000000000e+02
1.472500000000000000e+02
1.502500000000000000e+02
1.517500000000000000e+02
1.517500000000000000e+02
1.542500000000000000e+02
1.607500000000000000e+02
1.607500000000000000e+02
1.625000000000000000e+02
1.617500000000000000e+02
1.617500000000000000e+02
1.615000000000000000e+02
1.602500000000000000e+02
1.602500000000000000e+02
1.597500000000000000e+02
1.610000000000000000e+02
1.610000000000000000e+02
1.607500000000000000e+02
1.607500000000000000e+02
1.607500000000000000e+02
1.587500000000000000e+02
1.587500000000000000e+02
1.570000000000000000e+02
1.530000000000000000e+02
1.530000000000000000e+02
1.375000000000000000e+02
1.380000000000000000e+02
1.380000000000000000e+02
1.425000000000000000e+02
1.425000000000000000e+02
1.450000000000000000e+02
1.450000000000000000e+02
1.437500000000000000e+02
1.455000000000000000e+02
1.455000000000000000e+02
1.462500000000000000e+02
1.452500000000000000e+02
1.452500000000000000e+02
1.465000000000000000e+02
1.465000000000000000e+02
1.490000000000000000e+02
1.517500000000000000e+02
1.517500000000000000e+02
1.517500000000000000e+02
1.545000000000000000e+02
1.545000000000000000e+02
1.555000000000000000e+02
1.555000000000000000e+02
1.550000000000000000e+02
1.557500000000000000e+02
1.557500000000000000e+02
1.582500000000000000e+02
1.585000000000000000e+02
1.585000000000000000e+02
1.602500000000000000e+02
1.612500000000000000e+02
1.612500000000000000e+02
1.585000000000000000e+02
1.567500000000000000e+02
1.567500000000000000e+02
1.532500000000000000e+02
1.490000000000000000e+02
1.490000000000000000e+02
1.440000000000000000e+02
1.440000000000000000e+02
1.392500000000000000e+02
1.462500000000000000e+02
1.462500000000000000e+02
1.495000000000000000e+02
1.495000000000000000e+02
1.515000000000000000e+02
1.520000000000000000e+02
1.520000000000000000e+02
1.550000000000000000e+02
1.552500000000000000e+02
1.552500000000000000e+02
1.567500000000000000e+02
1.570000000000000000e+02
1.570000000000000000e+02
1.570000000000000000e+02
1.562500000000000000e+02
1.562500000000000000e+02
1.560000000000000000e+02
1.535000000000000000e+02
1.535000000000000000e+02
1.515000000000000000e+02
1.515000000000000000e+02
1.485000000000000000e+02
1.467500000000000000e+02
1.467500000000000000e+02
1.447500000000000000e+02
1.447500000000000000e+02
1.452500000000000000e+02
1.437500000000000000e+02
1.437500000000000000e+02
1.427500000000000000e+02
1.427500000000000000e+02
1.432500000000000000e+02
1.417500000000000000e+02
1.417500000000000000e+02
1.402500000000000000e+02
1.402500000000000000e+02
1.435000000000000000e+02
1.437500000000000000e+02
1.437500000000000000e+02
1.427500000000000000e+02
1.427500000000000000e+02
1.442500000000000000e+02
1.472500000000000000e+02
1.472500000000000000e+02
1.492500000000000000e+02
1.547500000000000000e+02
1.547500000000000000e+02
1.570000000000000000e+02
1.572500000000000000e+02
1.572500000000000000e+02
1.585000000000000000e+02
1.585000000000000000e+02
1.557500000000000000e+02
1.560000000000000000e+02
1.560000000000000000e+02
1.562500000000000000e+02
1.562500000000000000e+02
1.562500000000000000e+02
1.567500000000000000e+02
1.565000000000000000e+02
1.565000000000000000e+02
1.565000000000000000e+02
1.555000000000000000e+02
1.555000000000000000e+02
1.537500000000000000e+02
1.537500000000000000e+02
1.497500000000000000e+02
1.510000000000000000e+02
1.510000000000000000e+02
1.485000000000000000e+02
1.515000000000000000e+02
1.515000000000000000e+02
1.480000000000000000e+02
1.475000000000000000e+02
1.475000000000000000e+02
1.475000000000000000e+02
1.475000000000000000e+02
1.497500000000000000e+02
1.435000000000000000e+02
1.435000000000000000e+02
1.450000000000000000e+02
1.450000000000000000e+02
1.457500000000000000e+02
1.467500000000000000e+02
1.467500000000000000e+02
1.482500000000000000e+02
1.482500000000000000e+02
1.500000000000000000e+02
1.502500000000000000e+02
1.502500000000000000e+02
1.537500000000000000e+02
1.550000000000000000e+02
1.550000000000000000e+02
1.577500000000000000e+02
1.575000000000000000e+02
1.575000000000000000e+02
1.567500000000000000e+02
1.565000000000000000e+02
1.565000000000000000e+02
1.562500000000000000e+02
1.560000000000000000e+02
1.560000000000000000e+02
1.557500000000000000e+02
1.557500000000000000e+02
1.532500000000000000e+02
1.517500000000000000e+02
1.517500000000000000e+02
1.522500000000000000e+02
1.510000000000000000e+02
1.510000000000000000e+02
1.500000000000000000e+02
1.522500000000000000e+02
1.522500000000000000e+02
1.520000000000000000e+02
1.520000000000000000e+02
1.542500000000000000e+02
1.567500000000000000e+02
1.567500000000000000e+02
1.570000000000000000e+02
1.557500000000000000e+02
1.557500000000000000e+02
1.572500000000000000e+02
1.585000000000000000e+02
1.585000000000000000e+02
1.565000000000000000e+02
1.582500000000000000e+02
1.582500000000000000e+02
1.592500000000000000e+02
1.590000000000000000e+02
1.590000000000000000e+02
1.575000000000000000e+02
1.602500000000000000e+02
1.602500000000000000e+02
1.550000000000000000e+02
1.572500000000000000e+02
1.572500000000000000e+02
1.582500000000000000e+02
1.600000000000000000e+02
1.600000000000000000e+02
1.602500000000000000e+02
1.612500000000000000e+02
1.612500000000000000e+02
1.570000000000000000e+02
1.552500000000000000e+02
1.552500000000000000e+02
1.570000000000000000e+02
1.570000000000000000e+02
1.607500000000000000e+02
1.587500000000000000e+02
1.627500000000000000e+02
1.627500000000000000e+02
1.585000000000000000e+02
1.585000000000000000e+02
1.610000000000000000e+02
1.605000000000000000e+02
1.635000000000000000e+02
1.635000000000000000e+02
1.600000000000000000e+02
1.625000000000000000e+02
1.625000000000000000e+02
1.630000000000000000e+02
1.582500000000000000e+02
1.582500000000000000e+02
1.617500000000000000e+02
1.622500000000000000e+02
1.622500000000000000e+02
1.605000000000000000e+02
1.612500000000000000e+02
1.612500000000000000e+02
1.620000000000000000e+02
1.652500000000000000e+02
1.652500000000000000e+02
1.640000000000000000e+02
1.632500000000000000e+02
1.632500000000000000e+02
1.635000000000000000e+02
1.645000000000000000e+02
1.645000000000000000e+02
1.620000000000000000e+02
1.640000000000000000e+02
1.640000000000000000e+02
1.657500000000000000e+02
1.650000000000000000e+02
1.650000000000000000e+02
1.647500000000000000e+02
1.640000000000000000e+02
1.630000000000000000e+02
1.630000000000000000e+02
1.615000000000000000e+02
1.615000000000000000e+02
1.615000000000000000e+02
1.635000000000000000e+02
1.642500000000000000e+02
1.642500000000000000e+02
1.645000000000000000e+02
1.607500000000000000e+02
1.607500000000000000e+02
1.607500000000000000e+02
1.597500000000000000e+02
1.597500000000000000e+02
1.612500000000000000e+02
1.630000000000000000e+02
1.630000000000000000e+02
1.642500000000000000e+02
1.652500000000000000e+02
1.652500000000000000e+02
1.665000000000000000e+02
1.657500000000000000e+02
1.672500000000000000e+02
1.672500000000000000e+02
1.625000000000000000e+02
1.650000000000000000e+02
1.650000000000000000e+02
1.637500000000000000e+02
1.622500000000000000e+02
1.622500000000000000e+02
1.612500000000000000e+02
1.620000000000000000e+02
1.620000000000000000e+02
1.622500000000000000e+02
1.622500000000000000e+02
1.622500000000000000e+02
1.635000000000000000e+02
1.630000000000000000e+02
1.630000000000000000e+02
1.605000000000000000e+02
1.595000000000000000e+02
1.595000000000000000e+02
1.562500000000000000e+02
1.532500000000000000e+02
1.532500000000000000e+02
1.495000000000000000e+02
1.495000000000000000e+02
1.487500000000000000e+02
1.487500000000000000e+02
1.487500000000000000e+02
1.512500000000000000e+02
1.560000000000000000e+02
1.560000000000000000e+02
1.567500000000000000e+02
1.575000000000000000e+02
1.575000000000000000e+02
1.585000000000000000e+02
1.592500000000000000e+02
1.592500000000000000e+02
1.610000000000000000e+02
1.610000000000000000e+02
1.590000000000000000e+02
1.605000000000000000e+02
1.625000000000000000e+02
1.625000000000000000e+02
1.640000000000000000e+02
1.652500000000000000e+02
1.652500000000000000e+02
1.640000000000000000e+02
1.660000000000000000e+02
1.660000000000000000e+02
1.652500000000000000e+02
1.652500000000000000e+02
1.670000000000000000e+02
1.670000000000000000e+02
1.665000000000000000e+02
1.675000000000000000e+02
1.675000000000000000e+02
1.635000000000000000e+02
1.662500000000000000e+02
1.662500000000000000e+02
1.660000000000000000e+02
1.645000000000000000e+02
1.645000000000000000e+02
1.612500000000000000e+02
1.590000000000000000e+02
1.590000000000000000e+02
1.595000000000000000e+02
1.607500000000000000e+02
1.607500000000000000e+02
1.617500000000000000e+02
1.615000000000000000e+02
1.615000000000000000e+02
1.625000000000000000e+02
1.622500000000000000e+02
1.622500000000000000e+02
1.625000000000000000e+02
1.632500000000000000e+02
1.632500000000000000e+02
1.630000000000000000e+02
1.615000000000000000e+02
1.610000000000000000e+02
1.610000000000000000e+02
1.617500000000000000e+02
1.605000000000000000e+02
1.605000000000000000e+02
1.625000000000000000e+02
1.602500000000000000e+02
1.602500000000000000e+02
1.620000000000000000e+02
1.625000000000000000e+02
1.625000000000000000e+02
1.627500000000000000e+02
1.635000000000000000e+02
1.635000000000000000e+02
1.630000000000000000e+02
1.642500000000000000e+02
1.642500000000000000e+02
1.605000000000000000e+02
1.620000000000000000e+02
1.620000000000000000e+02
1.590000000000000000e+02
1.622500000000000000e+02
1.622500000000000000e+02
1.602500000000000000e+02
1.595000000000000000e+02
1.595000000000000000e+02
1.605000000000000000e+02
1.595000000000000000e+02
1.595000000000000000e+02
1.582500000000000000e+02
1.612500000000000000e+02
1.612500000000000000e+02
1.612500000000000000e+02
1.625000000000000000e+02
1.625000000000000000e+02
1.615000000000000000e+02
1.615000000000000000e+02
1.615000000000000000e+02
1.627500000000000000e+02
1.625000000000000000e+02
1.625000000000000000e+02
1.627500000000000000e+02
1.647500000000000000e+02
1.647500000000000000e+02
1.645000000000000000e+02
1.637500000000000000e+02
1.642500000000000000e+02
1.642500000000000000e+02
1.637500000000000000e+02
1.645000000000000000e+02
1.645000000000000000e+02
1.650000000000000000e+02
1.645000000000000000e+02
1.645000000000000000e+02
1.645000000000000000e+02
1.625000000000000000e+02
1.625000000000000000e+02
1.635000000000000000e+02
1.595000000000000000e+02
1.595000000000000000e+02
1.637500000000000000e+02
1.625000000000000000e+02
1.625000000000000000e+02
1.652500000000000000e+02
1.652500000000000000e+02
1.602500000000000000e+02
1.602500000000000000e+02
1.625000000000000000e+02
1.637500000000000000e+02
1.637500000000000000e+02
1.645000000000000000e+02
1.622500000000000000e+02
1.622500000000000000e+02
1.630000000000000000e+02
1.642500000000000000e+02
1.642500000000000000e+02
1.632500000000000000e+02
1.607500000000000000e+02
1.607500000000000000e+02
1.622500000000000000e+02
1.630000000000000000e+02
1.630000000000000000e+02
1.577500000000000000e+02
1.590000000000000000e+02
1.590000000000000000e+02
1.602500000000000000e+02
1.605000000000000000e+02
1.605000000000000000e+02
1.642500000000000000e+02
1.622500000000000000e+02
1.622500000000000000e+02
1.630000000000000000e+02
1.625000000000000000e+02
1.625000000000000000e+02
1.590000000000000000e+02
1.617500000000000000e+02
1.617500000000000000e+02
1.592500000000000000e+02
1.622500000000000000e+02
1.622500000000000000e+02
1.587500000000000000e+02
1.597500000000000000e+02
1.597500000000000000e+02
1.587500000000000000e+02
1.600000000000000000e+02
1.600000000000000000e+02
1.585000000000000000e+02
1.580000000000000000e+02
1.580000000000000000e+02
1.547500000000000000e+02
1.532500000000000000e+02
1.532500000000000000e+02
1.502500000000000000e+02
1.502500000000000000e+02
1.397500000000000000e+02
1.460000000000000000e+02
1.460000000000000000e+02
1.435000000000000000e+02
1.435000000000000000e+02
1.460000000000000000e+02
1.465000000000000000e+02
1.465000000000000000e+02
1.465000000000000000e+02
1.472500000000000000e+02
1.472500000000000000e+02
1.480000000000000000e+02
1.480000000000000000e+02
1.507500000000000000e+02
1.585000000000000000e+02
1.585000000000000000e+02
1.625000000000000000e+02
1.607500000000000000e+02
1.607500000000000000e+02
1.632500000000000000e+02
1.645000000000000000e+02
1.645000000000000000e+02
1.570000000000000000e+02
1.617500000000000000e+02
1.617500000000000000e+02
1.600000000000000000e+02
1.612500000000000000e+02
1.612500000000000000e+02
1.622500000000000000e+02
1.625000000000000000e+02
1.625000000000000000e+02
1.625000000000000000e+02
1.620000000000000000e+02
1.620000000000000000e+02
1.590000000000000000e+02
1.552500000000000000e+02
1.552500000000000000e+02
1.542500000000000000e+02
1.550000000000000000e+02
1.550000000000000000e+02
1.560000000000000000e+02
1.567500000000000000e+02
1.567500000000000000e+02
1.557500000000000000e+02
1.527500000000000000e+02
1.527500000000000000e+02
1.532500000000000000e+02
1.532500000000000000e+02
1.515000000000000000e+02
1.520000000000000000e+02
1.520000000000000000e+02
1.522500000000000000e+02
1.515000000000000000e+02
1.515000000000000000e+02
1.487500000000000000e+02
1.487500000000000000e+02
1.507500000000000000e+02
1.535000000000000000e+02
1.535000000000000000e+02
1.505000000000000000e+02
1.505000000000000000e+02
1.505000000000000000e+02
1.522500000000000000e+02
1.472500000000000000e+02
1.472500000000000000e+02
1.490000000000000000e+02
1.490000000000000000e+02
1.507500000000000000e+02
1.487500000000000000e+02
1.487500000000000000e+02
1.497500000000000000e+02
1.500000000000000000e+02
1.500000000000000000e+02
1.490000000000000000e+02
1.490000000000000000e+02
1.482500000000000000e+02
1.467500000000000000e+02
1.467500000000000000e+02
1.462500000000000000e+02
1.462500000000000000e+02
1.442500000000000000e+02
1.440000000000000000e+02
1.440000000000000000e+02
1.445000000000000000e+02
1.445000000000000000e+02
1.452500000000000000e+02
1.460000000000000000e+02
1.460000000000000000e+02
1.472500000000000000e+02
1.472500000000000000e+02
1.440000000000000000e+02
1.465000000000000000e+02
1.465000000000000000e+02
1.442500000000000000e+02
1.442500000000000000e+02
1.445000000000000000e+02
1.452500000000000000e+02
1.452500000000000000e+02
1.420000000000000000e+02
1.420000000000000000e+02
1.357500000000000000e+02
1.357500000000000000e+02
1.227500000000000000e+02
1.227500000000000000e+02
1.122500000000000000e+02
1.122500000000000000e+02
1.137500000000000000e+02
1.137500000000000000e+02
1.305000000000000000e+02
1.407500000000000000e+02
1.407500000000000000e+02
1.497500000000000000e+02
1.497500000000000000e+02
1.540000000000000000e+02
1.560000000000000000e+02
1.560000000000000000e+02
1.557500000000000000e+02
1.570000000000000000e+02
1.570000000000000000e+02
1.552500000000000000e+02
1.560000000000000000e+02
1.560000000000000000e+02
1.530000000000000000e+02
1.505000000000000000e+02
1.505000000000000000e+02
1.490000000000000000e+02
1.490000000000000000e+02
1.472500000000000000e+02
1.447500000000000000e+02
1.447500000000000000e+02
1.452500000000000000e+02
1.452500000000000000e+02
1.485000000000000000e+02
1.467500000000000000e+02
1.467500000000000000e+02
1.475000000000000000e+02
1.465000000000000000e+02
1.465000000000000000e+02
1.480000000000000000e+02
1.480000000000000000e+02
1.480000000000000000e+02
1.505000000000000000e+02
1.505000000000000000e+02
1.490000000000000000e+02
1.490000000000000000e+02
1.527500000000000000e+02
1.505000000000000000e+02
1.505000000000000000e+02
1.525000000000000000e+02
1.490000000000000000e+02
1.490000000000000000e+02
1.525000000000000000e+02
1.525000000000000000e+02
1.477500000000000000e+02
1.507500000000000000e+02
1.507500000000000000e+02
1.515000000000000000e+02
1.535000000000000000e+02
1.535000000000000000e+02
1.537500000000000000e+02
1.582500000000000000e+02
1.582500000000000000e+02
1.562500000000000000e+02
1.585000000000000000e+02
1.585000000000000000e+02
1.562500000000000000e+02
1.562500000000000000e+02
1.562500000000000000e+02
1.542500000000000000e+02
1.570000000000000000e+02
1.570000000000000000e+02
1.547500000000000000e+02
1.547500000000000000e+02
1.552500000000000000e+02
1.547500000000000000e+02
1.547500000000000000e+02
1.555000000000000000e+02
1.550000000000000000e+02
1.550000000000000000e+02
1.567500000000000000e+02
1.475000000000000000e+02
1.475000000000000000e+02
1.500000000000000000e+02
1.500000000000000000e+02
1.512500000000000000e+02
1.520000000000000000e+02
1.520000000000000000e+02
1.502500000000000000e+02
1.515000000000000000e+02
1.515000000000000000e+02
1.502500000000000000e+02
1.547500000000000000e+02
1.547500000000000000e+02
1.562500000000000000e+02
1.562500000000000000e+02
1.572500000000000000e+02
1.575000000000000000e+02
1.575000000000000000e+02
1.555000000000000000e+02
1.580000000000000000e+02
1.580000000000000000e+02
1.592500000000000000e+02
1.600000000000000000e+02
1.600000000000000000e+02
1.600000000000000000e+02
1.615000000000000000e+02
1.615000000000000000e+02
1.632500000000000000e+02
1.625000000000000000e+02
1.625000000000000000e+02
1.635000000000000000e+02
1.625000000000000000e+02
1.632500000000000000e+02
1.632500000000000000e+02
1.627500000000000000e+02
1.625000000000000000e+02
1.625000000000000000e+02
1.645000000000000000e+02
1.660000000000000000e+02
1.660000000000000000e+02
1.612500000000000000e+02
1.635000000000000000e+02
1.635000000000000000e+02
1.632500000000000000e+02
1.587500000000000000e+02
1.587500000000000000e+02
1.590000000000000000e+02
1.605000000000000000e+02
1.605000000000000000e+02
1.607500000000000000e+02
1.597500000000000000e+02
1.597500000000000000e+02
1.615000000000000000e+02
1.615000000000000000e+02
1.615000000000000000e+02
1.605000000000000000e+02
1.607500000000000000e+02
1.607500000000000000e+02
1.627500000000000000e+02
1.635000000000000000e+02
1.635000000000000000e+02
1.667500000000000000e+02
1.657500000000000000e+02
1.675000000000000000e+02
1.675000000000000000e+02
1.672500000000000000e+02
1.682500000000000000e+02
1.682500000000000000e+02
1.682500000000000000e+02
1.630000000000000000e+02
1.630000000000000000e+02
1.660000000000000000e+02
1.640000000000000000e+02
1.640000000000000000e+02
1.682500000000000000e+02
1.640000000000000000e+02
1.640000000000000000e+02
1.625000000000000000e+02
1.617500000000000000e+02
1.617500000000000000e+02
1.605000000000000000e+02
1.580000000000000000e+02
1.580000000000000000e+02
1.575000000000000000e+02
1.572500000000000000e+02
1.572500000000000000e+02
1.600000000000000000e+02
1.617500000000000000e+02
1.617500000000000000e+02
1.622500000000000000e+02
1.627500000000000000e+02
1.622500000000000000e+02
1.622500000000000000e+02
1.637500000000000000e+02
1.622500000000000000e+02
1.622500000000000000e+02
1.637500000000000000e+02
1.645000000000000000e+02
1.645000000000000000e+02
1.655000000000000000e+02
1.665000000000000000e+02
1.665000000000000000e+02
1.662500000000000000e+02
1.665000000000000000e+02
1.665000000000000000e+02
1.672500000000000000e+02
1.670000000000000000e+02
1.677500000000000000e+02
1.677500000000000000e+02
1.710000000000000000e+02
1.652500000000000000e+02
1.652500000000000000e+02
1.687500000000000000e+02
1.692500000000000000e+02
1.692500000000000000e+02
1.707500000000000000e+02
1.680000000000000000e+02
1.705000000000000000e+02
1.705000000000000000e+02
1.697500000000000000e+02
1.705000000000000000e+02
1.705000000000000000e+02
1.697500000000000000e+02
1.695000000000000000e+02
1.695000000000000000e+02
1.692500000000000000e+02
1.697500000000000000e+02
1.695000000000000000e+02
1.695000000000000000e+02
1.692500000000000000e+02
1.690000000000000000e+02
1.690000000000000000e+02
1.692500000000000000e+02
1.687500000000000000e+02
1.695000000000000000e+02
1.695000000000000000e+02
1.697500000000000000e+02
1.692500000000000000e+02
1.692500000000000000e+02
1.692500000000000000e+02
1.692500000000000000e+02
1.692500000000000000e+02
1.687500000000000000e+02
1.700000000000000000e+02
1.695000000000000000e+02
1.695000000000000000e+02
1.682500000000000000e+02
1.682500000000000000e+02
1.682500000000000000e+02
1.717500000000000000e+02
1.702500000000000000e+02
1.702500000000000000e+02
1.695000000000000000e+02
1.715000000000000000e+02
1.697500000000000000e+02
1.697500000000000000e+02
1.707500000000000000e+02
1.707500000000000000e+02
1.725000000000000000e+02
1.725000000000000000e+02
1.735000000000000000e+02
1.732500000000000000e+02
1.732500000000000000e+02
1.735000000000000000e+02
1.737500000000000000e+02
1.750000000000000000e+02
1.750000000000000000e+02
1.752500000000000000e+02
1.757500000000000000e+02
1.752500000000000000e+02
1.752500000000000000e+02
1.762500000000000000e+02
1.735000000000000000e+02
1.735000000000000000e+02
1.767500000000000000e+02
1.750000000000000000e+02
1.765000000000000000e+02
1.765000000000000000e+02
1.742500000000000000e+02
1.765000000000000000e+02
1.750000000000000000e+02
1.750000000000000000e+02
1.757500000000000000e+02
1.755000000000000000e+02
1.755000000000000000e+02
1.757500000000000000e+02
1.760000000000000000e+02
1.752500000000000000e+02
1.752500000000000000e+02
1.740000000000000000e+02
1.742500000000000000e+02
1.750000000000000000e+02
1.750000000000000000e+02
1.755000000000000000e+02
1.755000000000000000e+02
1.762500000000000000e+02
1.762500000000000000e+02
1.757500000000000000e+02
1.762500000000000000e+02
1.762500000000000000e+02
1.747500000000000000e+02
1.762500000000000000e+02
1.760000000000000000e+02
1.760000000000000000e+02
1.762500000000000000e+02
1.767500000000000000e+02
1.775000000000000000e+02
1.775000000000000000e+02
1.770000000000000000e+02
1.780000000000000000e+02
1.780000000000000000e+02
1.780000000000000000e+02
1.782500000000000000e+02
1.780000000000000000e+02
1.787500000000000000e+02
1.787500000000000000e+02
1.775000000000000000e+02
1.760000000000000000e+02
1.777500000000000000e+02
1.777500000000000000e+02
1.780000000000000000e+02
1.775000000000000000e+02
1.775000000000000000e+02
1.760000000000000000e+02
1.782500000000000000e+02
1.775000000000000000e+02
1.775000000000000000e+02
1.782500000000000000e+02
1.777500000000000000e+02
1.770000000000000000e+02
1.770000000000000000e+02
1.777500000000000000e+02
1.767500000000000000e+02
1.770000000000000000e+02
1.770000000000000000e+02
1.805000000000000000e+02
1.765000000000000000e+02
1.760000000000000000e+02
1.760000000000000000e+02
1.765000000000000000e+02
1.782500000000000000e+02
1.782500000000000000e+02
1.790000000000000000e+02
1.780000000000000000e+02
1.772500000000000000e+02
1.782500000000000000e+02
1.782500000000000000e+02
1.787500000000000000e+02
1.790000000000000000e+02
1.790000000000000000e+02
1.785000000000000000e+02
1.785000000000000000e+02
1.792500000000000000e+02
1.792500000000000000e+02
1.780000000000000000e+02
1.782500000000000000e+02
1.782500000000000000e+02
1.782500000000000000e+02
1.777500000000000000e+02
1.777500000000000000e+02
1.770000000000000000e+02
1.770000000000000000e+02
1.807500000000000000e+02
1.762500000000000000e+02
1.797500000000000000e+02
1.797500000000000000e+02
1.800000000000000000e+02
1.795000000000000000e+02
1.787500000000000000e+02
1.787500000000000000e+02
1.810000000000000000e+02
1.800000000000000000e+02
1.797500000000000000e+02
1.797500000000000000e+02
1.790000000000000000e+02
1.792500000000000000e+02
1.800000000000000000e+02
1.800000000000000000e+02
1.800000000000000000e+02
1.792500000000000000e+02
1.787500000000000000e+02
1.787500000000000000e+02
1.810000000000000000e+02
1.787500000000000000e+02
1.800000000000000000e+02
1.800000000000000000e+02
1.800000000000000000e+02
1.792500000000000000e+02
1.795000000000000000e+02
1.795000000000000000e+02
1.790000000000000000e+02
1.787500000000000000e+02
1.800000000000000000e+02
1.800000000000000000e+02
1.797500000000000000e+02
1.795000000000000000e+02
1.797500000000000000e+02
1.797500000000000000e+02
1.797500000000000000e+02
1.802500000000000000e+02
1.795000000000000000e+02
1.795000000000000000e+02
1.795000000000000000e+02
1.800000000000000000e+02
1.800000000000000000e+02
1.800000000000000000e+02
1.802500000000000000e+02
1.800000000000000000e+02
1.805000000000000000e+02
1.805000000000000000e+02
1.795000000000000000e+02
1.807500000000000000e+02
1.797500000000000000e+02
1.797500000000000000e+02
1.787500000000000000e+02
1.795000000000000000e+02
1.802500000000000000e+02
1.802500000000000000e+02
1.817500000000000000e+02
1.812500000000000000e+02
1.820000000000000000e+02
1.820000000000000000e+02
1.807500000000000000e+02
1.812500000000000000e+02
1.807500000000000000e+02
1.807500000000000000e+02
1.820000000000000000e+02
1.825000000000000000e+02
1.820000000000000000e+02
1.820000000000000000e+02
1.820000000000000000e+02
1.810000000000000000e+02
1.807500000000000000e+02
1.807500000000000000e+02
1.822500000000000000e+02
1.797500000000000000e+02
1.805000000000000000e+02
1.805000000000000000e+02
1.802500000000000000e+02
1.792500000000000000e+02
1.802500000000000000e+02
1.802500000000000000e+02
1.797500000000000000e+02
1.792500000000000000e+02
1.797500000000000000e+02
1.797500000000000000e+02
1.810000000000000000e+02
1.790000000000000000e+02
1.807500000000000000e+02
1.807500000000000000e+02
1.797500000000000000e+02
1.795000000000000000e+02
1.800000000000000000e+02
1.800000000000000000e+02
1.805000000000000000e+02
1.785000000000000000e+02
1.800000000000000000e+02
1.800000000000000000e+02
1.797500000000000000e+02
1.797500000000000000e+02
1.797500000000000000e+02
1.797500000000000000e+02
1.795000000000000000e+02
1.800000000000000000e+02
1.800000000000000000e+02
1.800000000000000000e+02
1.765000000000000000e+02
1.790000000000000000e+02
1.782500000000000000e+02
1.782500000000000000e+02
1.767500000000000000e+02
1.775000000000000000e+02
1.775000000000000000e+02
1.775000000000000000e+02
1.745000000000000000e+02
1.757500000000000000e+02
1.757500000000000000e+02
1.745000000000000000e+02
1.727500000000000000e+02
1.742500000000000000e+02
1.742500000000000000e+02
1.737500000000000000e+02
1.745000000000000000e+02
1.730000000000000000e+02
1.730000000000000000e+02
1.727500000000000000e+02
1.720000000000000000e+02
1.720000000000000000e+02
1.720000000000000000e+02
1.697500000000000000e+02
1.687500000000000000e+02
1.687500000000000000e+02
1.680000000000000000e+02
1.667500000000000000e+02
1.667500000000000000e+02
1.672500000000000000e+02
1.710000000000000000e+02
1.710000000000000000e+02
1.692500000000000000e+02
1.670000000000000000e+02
1.650000000000000000e+02
1.650000000000000000e+02
1.642500000000000000e+02
1.640000000000000000e+02
1.640000000000000000e+02
1.645000000000000000e+02
1.657500000000000000e+02
1.657500000000000000e+02
1.672500000000000000e+02
1.692500000000000000e+02
1.692500000000000000e+02
1.635000000000000000e+02
1.672500000000000000e+02
1.667500000000000000e+02
1.667500000000000000e+02
1.662500000000000000e+02
1.657500000000000000e+02
1.657500000000000000e+02
1.687500000000000000e+02
1.675000000000000000e+02
1.675000000000000000e+02
1.687500000000000000e+02
1.667500000000000000e+02
1.667500000000000000e+02
1.660000000000000000e+02
1.632500000000000000e+02
1.607500000000000000e+02
1.607500000000000000e+02
1.605000000000000000e+02
1.605000000000000000e+02
1.590000000000000000e+02
1.600000000000000000e+02
1.612500000000000000e+02
1.612500000000000000e+02
1.610000000000000000e+02
1.657500000000000000e+02
1.657500000000000000e+02
1.645000000000000000e+02
1.635000000000000000e+02
1.635000000000000000e+02
1.642500000000000000e+02
1.640000000000000000e+02
1.640000000000000000e+02
1.617500000000000000e+02
1.635000000000000000e+02
1.635000000000000000e+02
1.602500000000000000e+02
1.637500000000000000e+02
1.637500000000000000e+02
1.607500000000000000e+02
1.610000000000000000e+02
1.610000000000000000e+02
1.612500000000000000e+02
1.620000000000000000e+02
1.620000000000000000e+02
1.622500000000000000e+02
1.640000000000000000e+02
1.640000000000000000e+02
1.637500000000000000e+02
1.650000000000000000e+02
1.650000000000000000e+02
1.660000000000000000e+02
1.665000000000000000e+02
1.650000000000000000e+02
1.650000000000000000e+02
1.660000000000000000e+02
1.665000000000000000e+02
1.665000000000000000e+02
1.652500000000000000e+02
1.655000000000000000e+02
1.655000000000000000e+02
1.645000000000000000e+02
1.632500000000000000e+02
1.632500000000000000e+02
1.632500000000000000e+02
1.642500000000000000e+02
1.642500000000000000e+02
1.625000000000000000e+02
1.637500000000000000e+02
1.627500000000000000e+02
1.627500000000000000e+02
1.645000000000000000e+02
1.637500000000000000e+02
1.637500000000000000e+02
1.647500000000000000e+02
1.635000000000000000e+02
1.635000000000000000e+02
1.625000000000000000e+02
1.627500000000000000e+02
1.627500000000000000e+02
1.627500000000000000e+02
1.597500000000000000e+02
1.597500000000000000e+02
1.610000000000000000e+02
1.632500000000000000e+02
1.632500000000000000e+02
1.605000000000000000e+02
1.625000000000000000e+02
1.625000000000000000e+02
1.622500000000000000e+02
1.620000000000000000e+02
1.620000000000000000e+02
1.635000000000000000e+02
1.605000000000000000e+02
1.605000000000000000e+02
1.635000000000000000e+02
1.617500000000000000e+02
1.617500000000000000e+02
1.617500000000000000e+02
1.607500000000000000e+02
1.607500000000000000e+02
1.625000000000000000e+02
1.615000000000000000e+02
1.605000000000000000e+02
1.605000000000000000e+02
1.637500000000000000e+02
1.650000000000000000e+02
1.650000000000000000e+02
1.612500000000000000e+02
1.642500000000000000e+02
1.642500000000000000e+02
1.607500000000000000e+02
1.627500000000000000e+02
1.627500000000000000e+02
1.612500000000000000e+02
1.622500000000000000e+02
1.622500000000000000e+02
1.637500000000000000e+02
1.632500000000000000e+02
1.632500000000000000e+02
1.612500000000000000e+02
1.655000000000000000e+02
1.655000000000000000e+02
1.555000000000000000e+02
1.600000000000000000e+02
1.600000000000000000e+02
1.630000000000000000e+02
1.655000000000000000e+02
1.655000000000000000e+02
1.672500000000000000e+02
1.650000000000000000e+02
1.647500000000000000e+02
1.647500000000000000e+02
1.650000000000000000e+02
1.662500000000000000e+02
1.662500000000000000e+02
1.660000000000000000e+02
1.667500000000000000e+02
1.667500000000000000e+02
1.677500000000000000e+02
1.685000000000000000e+02
1.685000000000000000e+02
1.675000000000000000e+02
1.675000000000000000e+02
1.675000000000000000e+02
1.675000000000000000e+02
1.667500000000000000e+02
1.662500000000000000e+02
1.662500000000000000e+02
1.675000000000000000e+02
1.662500000000000000e+02
1.662500000000000000e+02
1.672500000000000000e+02
1.680000000000000000e+02
1.685000000000000000e+02
1.685000000000000000e+02
1.682500000000000000e+02
1.680000000000000000e+02
1.680000000000000000e+02
1.685000000000000000e+02
1.682500000000000000e+02
1.682500000000000000e+02
1.682500000000000000e+02
1.697500000000000000e+02
1.700000000000000000e+02
1.700000000000000000e+02
1.705000000000000000e+02
1.705000000000000000e+02
1.705000000000000000e+02
1.695000000000000000e+02
1.697500000000000000e+02
1.712500000000000000e+02
1.712500000000000000e+02
1.710000000000000000e+02
1.712500000000000000e+02
1.712500000000000000e+02
1.687500000000000000e+02
1.707500000000000000e+02
1.705000000000000000e+02
1.705000000000000000e+02
1.712500000000000000e+02
1.710000000000000000e+02
1.710000000000000000e+02
1.705000000000000000e+02
1.692500000000000000e+02
1.692500000000000000e+02
1.690000000000000000e+02
1.700000000000000000e+02
1.712500000000000000e+02
1.712500000000000000e+02
1.705000000000000000e+02
1.715000000000000000e+02
1.720000000000000000e+02
1.720000000000000000e+02
1.710000000000000000e+02
1.725000000000000000e+02
1.725000000000000000e+02
1.712500000000000000e+02
1.715000000000000000e+02
1.715000000000000000e+02
1.735000000000000000e+02
1.732500000000000000e+02
1.735000000000000000e+02
1.735000000000000000e+02
1.745000000000000000e+02
1.722500000000000000e+02
1.712500000000000000e+02
1.712500000000000000e+02
1.732500000000000000e+02
1.730000000000000000e+02
1.730000000000000000e+02
1.715000000000000000e+02
1.727500000000000000e+02
1.712500000000000000e+02
1.712500000000000000e+02
1.720000000000000000e+02
1.717500000000000000e+02
1.717500000000000000e+02
1.715000000000000000e+02
1.720000000000000000e+02
1.725000000000000000e+02
1.725000000000000000e+02
1.722500000000000000e+02
1.692500000000000000e+02
1.692500000000000000e+02
1.732500000000000000e+02
1.730000000000000000e+02
1.735000000000000000e+02
1.735000000000000000e+02
1.750000000000000000e+02
1.740000000000000000e+02
1.740000000000000000e+02
1.740000000000000000e+02
1.740000000000000000e+02
1.740000000000000000e+02
1.740000000000000000e+02
1.735000000000000000e+02
1.752500000000000000e+02
1.757500000000000000e+02
1.757500000000000000e+02
1.760000000000000000e+02
1.747500000000000000e+02
1.747500000000000000e+02
1.760000000000000000e+02
1.740000000000000000e+02
1.750000000000000000e+02
1.750000000000000000e+02
1.747500000000000000e+02
1.760000000000000000e+02
1.750000000000000000e+02
1.750000000000000000e+02
1.752500000000000000e+02
1.752500000000000000e+02
1.752500000000000000e+02
1.737500000000000000e+02
1.747500000000000000e+02
1.752500000000000000e+02
1.752500000000000000e+02
1.745000000000000000e+02
1.742500000000000000e+02
1.732500000000000000e+02
1.732500000000000000e+02
1.760000000000000000e+02
1.762500000000000000e+02
1.742500000000000000e+02
1.742500000000000000e+02
1.760000000000000000e+02
1.755000000000000000e+02
1.755000000000000000e+02
1.755000000000000000e+02
1.760000000000000000e+02
1.762500000000000000e+02
1.762500000000000000e+02
1.767500000000000000e+02
1.760000000000000000e+02
1.775000000000000000e+02
1.775000000000000000e+02
1.760000000000000000e+02
1.760000000000000000e+02
1.770000000000000000e+02
1.770000000000000000e+02
1.760000000000000000e+02
1.762500000000000000e+02
1.760000000000000000e+02
1.760000000000000000e+02
1.767500000000000000e+02
1.772500000000000000e+02
1.772500000000000000e+02
1.772500000000000000e+02
1.777500000000000000e+02
1.767500000000000000e+02
1.767500000000000000e+02
1.782500000000000000e+02
1.785000000000000000e+02
1.785000000000000000e+02
1.785000000000000000e+02
1.777500000000000000e+02
1.777500000000000000e+02
1.765000000000000000e+02
1.765000000000000000e+02
1.777500000000000000e+02
1.782500000000000000e+02
1.782500000000000000e+02
1.777500000000000000e+02
1.785000000000000000e+02
1.787500000000000000e+02
1.787500000000000000e+02
1.790000000000000000e+02
1.782500000000000000e+02
1.790000000000000000e+02
1.790000000000000000e+02
1.790000000000000000e+02
1.787500000000000000e+02
1.772500000000000000e+02
1.772500000000000000e+02
1.795000000000000000e+02
1.790000000000000000e+02
1.787500000000000000e+02
1.787500000000000000e+02
1.795000000000000000e+02
1.780000000000000000e+02
1.795000000000000000e+02
1.795000000000000000e+02
1.792500000000000000e+02
1.792500000000000000e+02
1.800000000000000000e+02
1.800000000000000000e+02
1.797500000000000000e+02
1.777500000000000000e+02
1.797500000000000000e+02
1.797500000000000000e+02
1.812500000000000000e+02
1.782500000000000000e+02
1.797500000000000000e+02
1.797500000000000000e+02
1.815000000000000000e+02
1.770000000000000000e+02
1.790000000000000000e+02
1.790000000000000000e+02
1.787500000000000000e+02
1.792500000000000000e+02
1.785000000000000000e+02
1.785000000000000000e+02
1.790000000000000000e+02
1.795000000000000000e+02
1.790000000000000000e+02
1.790000000000000000e+02
1.790000000000000000e+02
1.790000000000000000e+02
1.815000000000000000e+02
1.815000000000000000e+02
1.767500000000000000e+02
1.790000000000000000e+02
1.780000000000000000e+02
1.780000000000000000e+02
1.802500000000000000e+02
1.787500000000000000e+02
1.792500000000000000e+02
1.792500000000000000e+02
1.795000000000000000e+02
1.792500000000000000e+02
1.787500000000000000e+02
1.787500000000000000e+02
1.785000000000000000e+02
1.780000000000000000e+02
1.790000000000000000e+02
1.790000000000000000e+02
1.800000000000000000e+02
1.792500000000000000e+02
1.790000000000000000e+02
1.790000000000000000e+02
1.792500000000000000e+02
1.782500000000000000e+02
1.782500000000000000e+02
1.787500000000000000e+02
1.790000000000000000e+02
1.777500000000000000e+02
1.777500000000000000e+02
1.800000000000000000e+02
1.785000000000000000e+02
1.790000000000000000e+02
1.790000000000000000e+02
1.790000000000000000e+02
1.787500000000000000e+02
1.790000000000000000e+02
1.790000000000000000e+02
1.777500000000000000e+02
1.787500000000000000e+02
1.775000000000000000e+02
1.775000000000000000e+02
1.785000000000000000e+02
1.775000000000000000e+02
1.787500000000000000e+02
1.787500000000000000e+02
1.792500000000000000e+02
1.790000000000000000e+02
1.782500000000000000e+02
1.782500000000000000e+02
1.785000000000000000e+02
1.777500000000000000e+02
1.765000000000000000e+02
1.765000000000000000e+02
1.782500000000000000e+02
1.752500000000000000e+02
1.752500000000000000e+02
1.752500000000000000e+02
1.750000000000000000e+02
1.752500000000000000e+02
1.752500000000000000e+02
1.747500000000000000e+02
1.745000000000000000e+02
1.750000000000000000e+02
1.750000000000000000e+02
1.757500000000000000e+02
1.750000000000000000e+02
1.762500000000000000e+02
1.762500000000000000e+02
1.760000000000000000e+02
1.760000000000000000e+02
1.760000000000000000e+02
1.767500000000000000e+02
1.760000000000000000e+02
1.767500000000000000e+02
1.767500000000000000e+02
1.762500000000000000e+02
1.765000000000000000e+02
1.762500000000000000e+02
1.762500000000000000e+02
1.765000000000000000e+02
1.765000000000000000e+02
1.775000000000000000e+02
1.775000000000000000e+02
1.772500000000000000e+02
1.770000000000000000e+02
1.770000000000000000e+02
1.780000000000000000e+02
1.772500000000000000e+02
1.777500000000000000e+02
1.767500000000000000e+02
1.767500000000000000e+02
1.775000000000000000e+02
1.772500000000000000e+02
1.772500000000000000e+02
1.755000000000000000e+02
1.752500000000000000e+02
1.762500000000000000e+02
1.762500000000000000e+02
1.762500000000000000e+02
1.750000000000000000e+02
1.760000000000000000e+02
1.760000000000000000e+02
1.762500000000000000e+02
1.762500000000000000e+02
1.757500000000000000e+02
1.757500000000000000e+02
1.755000000000000000e+02
1.745000000000000000e+02
1.745000000000000000e+02
1.732500000000000000e+02
1.735000000000000000e+02
1.732500000000000000e+02
1.732500000000000000e+02
1.732500000000000000e+02
1.720000000000000000e+02
1.720000000000000000e+02
1.722500000000000000e+02
1.730000000000000000e+02
1.727500000000000000e+02
1.727500000000000000e+02
1.722500000000000000e+02
1.707500000000000000e+02
1.707500000000000000e+02
1.710000000000000000e+02
1.705000000000000000e+02
1.712500000000000000e+02
1.712500000000000000e+02
1.722500000000000000e+02
1.715000000000000000e+02
1.715000000000000000e+02
1.707500000000000000e+02
1.722500000000000000e+02
1.717500000000000000e+02
1.717500000000000000e+02
1.715000000000000000e+02
1.697500000000000000e+02
1.697500000000000000e+02
1.730000000000000000e+02
1.692500000000000000e+02
1.705000000000000000e+02
1.705000000000000000e+02
1.677500000000000000e+02
1.692500000000000000e+02
1.692500000000000000e+02
1.710000000000000000e+02
1.715000000000000000e+02
1.690000000000000000e+02
1.690000000000000000e+02
1.700000000000000000e+02
1.712500000000000000e+02
1.712500000000000000e+02
1.725000000000000000e+02
1.682500000000000000e+02
1.690000000000000000e+02
1.690000000000000000e+02
1.690000000000000000e+02
1.700000000000000000e+02
1.700000000000000000e+02
1.697500000000000000e+02
1.685000000000000000e+02
1.685000000000000000e+02
1.680000000000000000e+02
1.682500000000000000e+02
1.680000000000000000e+02
1.680000000000000000e+02
1.692500000000000000e+02
1.675000000000000000e+02
1.675000000000000000e+02
1.700000000000000000e+02
1.695000000000000000e+02
1.695000000000000000e+02
1.692500000000000000e+02
1.707500000000000000e+02
1.715000000000000000e+02
1.715000000000000000e+02
1.707500000000000000e+02
1.727500000000000000e+02
1.727500000000000000e+02
1.725000000000000000e+02
1.730000000000000000e+02
1.717500000000000000e+02
1.717500000000000000e+02
1.725000000000000000e+02
1.725000000000000000e+02
1.710000000000000000e+02
1.710000000000000000e+02
1.695000000000000000e+02
1.722500000000000000e+02
1.722500000000000000e+02
1.725000000000000000e+02
1.707500000000000000e+02
1.700000000000000000e+02
1.700000000000000000e+02
1.702500000000000000e+02
1.730000000000000000e+02
1.730000000000000000e+02
1.725000000000000000e+02
1.715000000000000000e+02
1.715000000000000000e+02
1.727500000000000000e+02
1.732500000000000000e+02
1.727500000000000000e+02
1.727500000000000000e+02
1.720000000000000000e+02
1.720000000000000000e+02
1.727500000000000000e+02
1.727500000000000000e+02
1.725000000000000000e+02
1.707500000000000000e+02
1.707500000000000000e+02
1.720000000000000000e+02
1.727500000000000000e+02
1.722500000000000000e+02
1.722500000000000000e+02
1.722500000000000000e+02
1.715000000000000000e+02
1.715000000000000000e+02
1.732500000000000000e+02
1.695000000000000000e+02
1.715000000000000000e+02
1.715000000000000000e+02
1.722500000000000000e+02
1.720000000000000000e+02
1.720000000000000000e+02
1.710000000000000000e+02
1.715000000000000000e+02
1.752500000000000000e+02
1.752500000000000000e+02
1.722500000000000000e+02
1.745000000000000000e+02
1.745000000000000000e+02
1.740000000000000000e+02
1.735000000000000000e+02
1.722500000000000000e+02
1.722500000000000000e+02
1.727500000000000000e+02
1.742500000000000000e+02
1.722500000000000000e+02
1.722500000000000000e+02
1.745000000000000000e+02
1.745000000000000000e+02
1.745000000000000000e+02
1.752500000000000000e+02
1.722500000000000000e+02
1.732500000000000000e+02
1.732500000000000000e+02
1.740000000000000000e+02
1.757500000000000000e+02
1.745000000000000000e+02
1.745000000000000000e+02
1.755000000000000000e+02
1.762500000000000000e+02
1.762500000000000000e+02
1.762500000000000000e+02
1.755000000000000000e+02
1.742500000000000000e+02
1.742500000000000000e+02
1.760000000000000000e+02
1.757500000000000000e+02
1.730000000000000000e+02
1.730000000000000000e+02
1.750000000000000000e+02
1.735000000000000000e+02
1.735000000000000000e+02
1.695000000000000000e+02
1.665000000000000000e+02
1.665000000000000000e+02
1.682500000000000000e+02
1.712500000000000000e+02
1.737500000000000000e+02
1.737500000000000000e+02
1.742500000000000000e+02
1.725000000000000000e+02
1.742500000000000000e+02
1.742500000000000000e+02
1.735000000000000000e+02
1.737500000000000000e+02
1.737500000000000000e+02
1.752500000000000000e+02
1.747500000000000000e+02
1.752500000000000000e+02
1.752500000000000000e+02
1.752500000000000000e+02
1.770000000000000000e+02
1.767500000000000000e+02
1.767500000000000000e+02
1.780000000000000000e+02
1.780000000000000000e+02
1.787500000000000000e+02
1.787500000000000000e+02
1.772500000000000000e+02
1.767500000000000000e+02
1.775000000000000000e+02
1.775000000000000000e+02
1.785000000000000000e+02
1.777500000000000000e+02
1.777500000000000000e+02
1.780000000000000000e+02
1.787500000000000000e+02
1.780000000000000000e+02
1.780000000000000000e+02
1.792500000000000000e+02
1.790000000000000000e+02
1.785000000000000000e+02
1.785000000000000000e+02
1.797500000000000000e+02
1.795000000000000000e+02
1.795000000000000000e+02
1.795000000000000000e+02
1.787500000000000000e+02
1.792500000000000000e+02
1.802500000000000000e+02
1.802500000000000000e+02
1.785000000000000000e+02
1.787500000000000000e+02
1.797500000000000000e+02
1.797500000000000000e+02
1.797500000000000000e+02
1.795000000000000000e+02
1.792500000000000000e+02
1.792500000000000000e+02
1.795000000000000000e+02
1.795000000000000000e+02
1.790000000000000000e+02
1.790000000000000000e+02
1.792500000000000000e+02
1.782500000000000000e+02
1.785000000000000000e+02
1.785000000000000000e+02
1.802500000000000000e+02
1.795000000000000000e+02
1.792500000000000000e+02
1.792500000000000000e+02
1.782500000000000000e+02
1.787500000000000000e+02
1.795000000000000000e+02
1.795000000000000000e+02
1.785000000000000000e+02
1.790000000000000000e+02
1.795000000000000000e+02
1.795000000000000000e+02
1.800000000000000000e+02
1.805000000000000000e+02
1.802500000000000000e+02
1.802500000000000000e+02
1.805000000000000000e+02
1.795000000000000000e+02
1.802500000000000000e+02
1.802500000000000000e+02
1.797500000000000000e+02
1.800000000000000000e+02
1.812500000000000000e+02
1.812500000000000000e+02
1.797500000000000000e+02
1.810000000000000000e+02
1.810000000000000000e+02
1.810000000000000000e+02
1.807500000000000000e+02
1.827500000000000000e+02
1.805000000000000000e+02
1.805000000000000000e+02
1.810000000000000000e+02
1.802500000000000000e+02
1.802500000000000000e+02
1.802500000000000000e+02
1.797500000000000000e+02
1.812500000000000000e+02
1.812500000000000000e+02
1.812500000000000000e+02
1.810000000000000000e+02
1.820000000000000000e+02
1.805000000000000000e+02
1.805000000000000000e+02
1.820000000000000000e+02
1.810000000000000000e+02
1.807500000000000000e+02
1.807500000000000000e+02
1.817500000000000000e+02
1.810000000000000000e+02
1.817500000000000000e+02
1.817500000000000000e+02
1.820000000000000000e+02
1.807500000000000000e+02
1.825000000000000000e+02
1.825000000000000000e+02
1.817500000000000000e+02
1.815000000000000000e+02
1.822500000000000000e+02
1.820000000000000000e+02
1.820000000000000000e+02
1.827500000000000000e+02
1.832500000000000000e+02
1.825000000000000000e+02
1.825000000000000000e+02
1.832500000000000000e+02
1.822500000000000000e+02
1.822500000000000000e+02
1.822500000000000000e+02
1.825000000000000000e+02
1.825000000000000000e+02
1.822500000000000000e+02
1.822500000000000000e+02
1.825000000000000000e+02
1.815000000000000000e+02
1.817500000000000000e+02
1.817500000000000000e+02
1.815000000000000000e+02
1.815000000000000000e+02
1.825000000000000000e+02
1.822500000000000000e+02
1.822500000000000000e+02
1.825000000000000000e+02
1.830000000000000000e+02
1.830000000000000000e+02
1.825000000000000000e+02
1.830000000000000000e+02
1.827500000000000000e+02
1.822500000000000000e+02
1.822500000000000000e+02
1.825000000000000000e+02
1.830000000000000000e+02
1.830000000000000000e+02
1.830000000000000000e+02
1.827500000000000000e+02
1.835000000000000000e+02
1.830000000000000000e+02
1.830000000000000000e+02
1.827500000000000000e+02
1.820000000000000000e+02
1.825000000000000000e+02
1.825000000000000000e+02
1.822500000000000000e+02
1.805000000000000000e+02
1.827500000000000000e+02
1.822500000000000000e+02
1.822500000000000000e+02
1.830000000000000000e+02
1.825000000000000000e+02
1.825000000000000000e+02
1.825000000000000000e+02
1.825000000000000000e+02
1.830000000000000000e+02
1.830000000000000000e+02
1.830000000000000000e+02
1.832500000000000000e+02
1.830000000000000000e+02
1.832500000000000000e+02
1.832500000000000000e+02
1.832500000000000000e+02
1.822500000000000000e+02
1.837500000000000000e+02
1.837500000000000000e+02
1.832500000000000000e+02
1.822500000000000000e+02
1.825000000000000000e+02
1.825000000000000000e+02
1.832500000000000000e+02
1.815000000000000000e+02
1.825000000000000000e+02
1.827500000000000000e+02
1.827500000000000000e+02
1.820000000000000000e+02
1.822500000000000000e+02
1.815000000000000000e+02
1.815000000000000000e+02
1.805000000000000000e+02
1.822500000000000000e+02
1.802500000000000000e+02
1.802500000000000000e+02
1.807500000000000000e+02
1.817500000000000000e+02
1.807500000000000000e+02
1.807500000000000000e+02
1.817500000000000000e+02
1.802500000000000000e+02
1.815000000000000000e+02
1.815000000000000000e+02
1.815000000000000000e+02
1.817500000000000000e+02
1.815000000000000000e+02
1.815000000000000000e+02
1.825000000000000000e+02
1.810000000000000000e+02
1.812500000000000000e+02
1.812500000000000000e+02
1.817500000000000000e+02
1.812500000000000000e+02
1.817500000000000000e+02
1.817500000000000000e+02
1.822500000000000000e+02
1.815000000000000000e+02
1.815000000000000000e+02
1.815000000000000000e+02
1.815000000000000000e+02
1.825000000000000000e+02
1.822500000000000000e+02
1.852500000000000000e+02
1.852500000000000000e+02
1.797500000000000000e+02
1.820000000000000000e+02
1.820000000000000000e+02
1.820000000000000000e+02
1.825000000000000000e+02
1.822500000000000000e+02
1.822500000000000000e+02
1.822500000000000000e+02
1.850000000000000000e+02
1.802500000000000000e+02
1.827500000000000000e+02
1.827500000000000000e+02
1.820000000000000000e+02
1.810000000000000000e+02
1.825000000000000000e+02
1.825000000000000000e+02
1.822500000000000000e+02
1.835000000000000000e+02
1.827500000000000000e+02
1.827500000000000000e+02
1.840000000000000000e+02
1.822500000000000000e+02
1.835000000000000000e+02
1.835000000000000000e+02
1.835000000000000000e+02
1.840000000000000000e+02
1.835000000000000000e+02
1.822500000000000000e+02
1.822500000000000000e+02
1.835000000000000000e+02
1.830000000000000000e+02
1.840000000000000000e+02
1.840000000000000000e+02
1.822500000000000000e+02
1.832500000000000000e+02
1.830000000000000000e+02
1.830000000000000000e+02
1.835000000000000000e+02
1.830000000000000000e+02
1.830000000000000000e+02
1.830000000000000000e+02
1.835000000000000000e+02
1.835000000000000000e+02
1.852500000000000000e+02
1.817500000000000000e+02
1.817500000000000000e+02
1.840000000000000000e+02
1.830000000000000000e+02
1.832500000000000000e+02
1.832500000000000000e+02
1.837500000000000000e+02
1.822500000000000000e+02
1.827500000000000000e+02
1.827500000000000000e+02
1.827500000000000000e+02
1.827500000000000000e+02
1.820000000000000000e+02
1.820000000000000000e+02
1.822500000000000000e+02
1.825000000000000000e+02
1.820000000000000000e+02
1.827500000000000000e+02
1.827500000000000000e+02
1.822500000000000000e+02
1.812500000000000000e+02
1.837500000000000000e+02
1.837500000000000000e+02
1.817500000000000000e+02
1.822500000000000000e+02
1.830000000000000000e+02
1.830000000000000000e+02
1.812500000000000000e+02
1.827500000000000000e+02
1.825000000000000000e+02
1.825000000000000000e+02
1.822500000000000000e+02
1.802500000000000000e+02
1.827500000000000000e+02
1.827500000000000000e+02
1.812500000000000000e+02
1.812500000000000000e+02
1.817500000000000000e+02
1.817500000000000000e+02
1.817500000000000000e+02
1.812500000000000000e+02
1.805000000000000000e+02
1.805000000000000000e+02
1.812500000000000000e+02
1.825000000000000000e+02
1.807500000000000000e+02
1.807500000000000000e+02
1.815000000000000000e+02
1.802500000000000000e+02
1.820000000000000000e+02
1.820000000000000000e+02
1.815000000000000000e+02
1.815000000000000000e+02
1.807500000000000000e+02
1.797500000000000000e+02
1.797500000000000000e+02
1.817500000000000000e+02
1.797500000000000000e+02
1.805000000000000000e+02
1.805000000000000000e+02
1.805000000000000000e+02
1.782500000000000000e+02
1.807500000000000000e+02
1.807500000000000000e+02
1.800000000000000000e+02
1.802500000000000000e+02
1.802500000000000000e+02
1.782500000000000000e+02
1.792500000000000000e+02
1.782500000000000000e+02
1.790000000000000000e+02
1.790000000000000000e+02
1.787500000000000000e+02
1.790000000000000000e+02
1.820000000000000000e+02
1.820000000000000000e+02
1.762500000000000000e+02
1.772500000000000000e+02
1.772500000000000000e+02
1.772500000000000000e+02
1.772500000000000000e+02
1.767500000000000000e+02
1.767500000000000000e+02
1.750000000000000000e+02
1.760000000000000000e+02
1.757500000000000000e+02
1.757500000000000000e+02
1.755000000000000000e+02
1.750000000000000000e+02
1.760000000000000000e+02
1.760000000000000000e+02
1.745000000000000000e+02
1.750000000000000000e+02
1.750000000000000000e+02
1.745000000000000000e+02
1.745000000000000000e+02
1.732500000000000000e+02
1.732500000000000000e+02
1.740000000000000000e+02
1.727500000000000000e+02
1.727500000000000000e+02
1.717500000000000000e+02
1.722500000000000000e+02
1.720000000000000000e+02
1.720000000000000000e+02
1.725000000000000000e+02
1.722500000000000000e+02
1.717500000000000000e+02
1.717500000000000000e+02
1.712500000000000000e+02
1.722500000000000000e+02
1.722500000000000000e+02
1.707500000000000000e+02
1.705000000000000000e+02
1.705000000000000000e+02
1.707500000000000000e+02
1.705000000000000000e+02
1.705000000000000000e+02
1.705000000000000000e+02
1.707500000000000000e+02
1.687500000000000000e+02
1.687500000000000000e+02
1.695000000000000000e+02
1.672500000000000000e+02
1.672500000000000000e+02
1.670000000000000000e+02
1.687500000000000000e+02
1.677500000000000000e+02
1.677500000000000000e+02
1.672500000000000000e+02
1.687500000000000000e+02
1.687500000000000000e+02
1.690000000000000000e+02
1.675000000000000000e+02
1.685000000000000000e+02
1.685000000000000000e+02
1.670000000000000000e+02
1.680000000000000000e+02
1.680000000000000000e+02
1.680000000000000000e+02
1.695000000000000000e+02
1.695000000000000000e+02
1.647500000000000000e+02
1.675000000000000000e+02
1.677500000000000000e+02
1.677500000000000000e+02
1.672500000000000000e+02
1.660000000000000000e+02
1.660000000000000000e+02
1.670000000000000000e+02
1.660000000000000000e+02
1.660000000000000000e+02
1.645000000000000000e+02
1.637500000000000000e+02
1.637500000000000000e+02
1.627500000000000000e+02
1.610000000000000000e+02
1.610000000000000000e+02
1.625000000000000000e+02
1.627500000000000000e+02
1.625000000000000000e+02
1.625000000000000000e+02
1.610000000000000000e+02
1.610000000000000000e+02
1.495000000000000000e+02
1.550000000000000000e+02
1.550000000000000000e+02
1.552500000000000000e+02
1.555000000000000000e+02
1.555000000000000000e+02
1.545000000000000000e+02
1.555000000000000000e+02
1.555000000000000000e+02
1.602500000000000000e+02
1.577500000000000000e+02
1.577500000000000000e+02
1.585000000000000000e+02
1.577500000000000000e+02
1.577500000000000000e+02
1.597500000000000000e+02
1.605000000000000000e+02
1.605000000000000000e+02
1.620000000000000000e+02
1.602500000000000000e+02
1.602500000000000000e+02
1.602500000000000000e+02
1.625000000000000000e+02
1.625000000000000000e+02
1.610000000000000000e+02
1.605000000000000000e+02
1.605000000000000000e+02
1.610000000000000000e+02
1.570000000000000000e+02
1.570000000000000000e+02
1.572500000000000000e+02
1.592500000000000000e+02
1.592500000000000000e+02
1.580000000000000000e+02
1.575000000000000000e+02
1.575000000000000000e+02
1.570000000000000000e+02
1.592500000000000000e+02
1.592500000000000000e+02
1.557500000000000000e+02
1.557500000000000000e+02
1.567500000000000000e+02
1.555000000000000000e+02
1.555000000000000000e+02
1.567500000000000000e+02
1.572500000000000000e+02
1.572500000000000000e+02
1.560000000000000000e+02
1.575000000000000000e+02
1.575000000000000000e+02
1.527500000000000000e+02
1.510000000000000000e+02
1.510000000000000000e+02
1.507500000000000000e+02
1.507500000000000000e+02
1.517500000000000000e+02
1.502500000000000000e+02
1.502500000000000000e+02
1.505000000000000000e+02
1.522500000000000000e+02
1.522500000000000000e+02
1.520000000000000000e+02
1.537500000000000000e+02
1.537500000000000000e+02
1.567500000000000000e+02
1.567500000000000000e+02
1.535000000000000000e+02
1.537500000000000000e+02
1.537500000000000000e+02
1.505000000000000000e+02
1.527500000000000000e+02
1.527500000000000000e+02
1.532500000000000000e+02
1.520000000000000000e+02
1.520000000000000000e+02
1.547500000000000000e+02
1.562500000000000000e+02
1.562500000000000000e+02
1.557500000000000000e+02
1.557500000000000000e+02
1.557500000000000000e+02
1.542500000000000000e+02
1.542500000000000000e+02
1.505000000000000000e+02
1.470000000000000000e+02
1.470000000000000000e+02
1.490000000000000000e+02
1.490000000000000000e+02
1.517500000000000000e+02
1.560000000000000000e+02
1.560000000000000000e+02
1.502500000000000000e+02
1.525000000000000000e+02
1.525000000000000000e+02
1.482500000000000000e+02
1.482500000000000000e+02
1.502500000000000000e+02
1.500000000000000000e+02
1.500000000000000000e+02
1.492500000000000000e+02
1.505000000000000000e+02
1.505000000000000000e+02
1.515000000000000000e+02
1.505000000000000000e+02
1.505000000000000000e+02
1.552500000000000000e+02
1.552500000000000000e+02
1.532500000000000000e+02
1.525000000000000000e+02
1.525000000000000000e+02
1.522500000000000000e+02
1.552500000000000000e+02
1.552500000000000000e+02
1.547500000000000000e+02
1.570000000000000000e+02
1.570000000000000000e+02
1.565000000000000000e+02
1.570000000000000000e+02
1.570000000000000000e+02
1.570000000000000000e+02
1.570000000000000000e+02
1.575000000000000000e+02
1.530000000000000000e+02
1.530000000000000000e+02
1.562500000000000000e+02
1.535000000000000000e+02
1.535000000000000000e+02
1.525000000000000000e+02
1.502500000000000000e+02
1.502500000000000000e+02
1.517500000000000000e+02
1.517500000000000000e+02
1.517500000000000000e+02
1.527500000000000000e+02
1.527500000000000000e+02
1.510000000000000000e+02
1.485000000000000000e+02
1.485000000000000000e+02
1.452500000000000000e+02
1.452500000000000000e+02
1.395000000000000000e+02
1.247500000000000000e+02
1.247500000000000000e+02
1.247500000000000000e+02
1.115000000000000000e+02
1.115000000000000000e+02
1.177500000000000000e+02
1.177500000000000000e+02
1.302500000000000000e+02
1.332500000000000000e+02
1.332500000000000000e+02
1.400000000000000000e+02
1.400000000000000000e+02
1.462500000000000000e+02
1.495000000000000000e+02
1.495000000000000000e+02
1.532500000000000000e+02
1.580000000000000000e+02
1.580000000000000000e+02
1.587500000000000000e+02
1.605000000000000000e+02
1.605000000000000000e+02
1.605000000000000000e+02
1.605000000000000000e+02
1.600000000000000000e+02
1.630000000000000000e+02
1.582500000000000000e+02
1.582500000000000000e+02
1.597500000000000000e+02
1.595000000000000000e+02
1.595000000000000000e+02
1.590000000000000000e+02
1.580000000000000000e+02
1.580000000000000000e+02
1.572500000000000000e+02
1.572500000000000000e+02
1.562500000000000000e+02
1.540000000000000000e+02
1.540000000000000000e+02
1.530000000000000000e+02
1.530000000000000000e+02
1.530000000000000000e+02
1.515000000000000000e+02
1.507500000000000000e+02
1.507500000000000000e+02
1.475000000000000000e+02
1.475000000000000000e+02
1.522500000000000000e+02
1.545000000000000000e+02
1.545000000000000000e+02
1.527500000000000000e+02
1.492500000000000000e+02
1.492500000000000000e+02
1.510000000000000000e+02
1.497500000000000000e+02
1.497500000000000000e+02
1.527500000000000000e+02
1.527500000000000000e+02
1.540000000000000000e+02
1.537500000000000000e+02
1.537500000000000000e+02
1.522500000000000000e+02
1.565000000000000000e+02
1.565000000000000000e+02
1.605000000000000000e+02
1.595000000000000000e+02
1.595000000000000000e+02
1.590000000000000000e+02
1.585000000000000000e+02
1.585000000000000000e+02
1.607500000000000000e+02
1.607500000000000000e+02
1.607500000000000000e+02
1.615000000000000000e+02
1.610000000000000000e+02
1.610000000000000000e+02
1.635000000000000000e+02
1.627500000000000000e+02
1.627500000000000000e+02
1.585000000000000000e+02
1.587500000000000000e+02
1.587500000000000000e+02
1.607500000000000000e+02
1.595000000000000000e+02
1.595000000000000000e+02
1.597500000000000000e+02
1.535000000000000000e+02
1.535000000000000000e+02
1.565000000000000000e+02
1.570000000000000000e+02
1.570000000000000000e+02
1.595000000000000000e+02
1.580000000000000000e+02
1.580000000000000000e+02
1.587500000000000000e+02
1.607500000000000000e+02
1.607500000000000000e+02
1.610000000000000000e+02
1.610000000000000000e+02
1.610000000000000000e+02
1.610000000000000000e+02
1.615000000000000000e+02
1.615000000000000000e+02
1.632500000000000000e+02
1.630000000000000000e+02
1.630000000000000000e+02
1.655000000000000000e+02
1.635000000000000000e+02
1.635000000000000000e+02
1.652500000000000000e+02
1.652500000000000000e+02
1.650000000000000000e+02
1.650000000000000000e+02
1.660000000000000000e+02
1.660000000000000000e+02
1.665000000000000000e+02
1.635000000000000000e+02
1.657500000000000000e+02
1.657500000000000000e+02
1.627500000000000000e+02
1.650000000000000000e+02
1.650000000000000000e+02
1.647500000000000000e+02
1.642500000000000000e+02
1.642500000000000000e+02
1.622500000000000000e+02
1.612500000000000000e+02
1.612500000000000000e+02
1.617500000000000000e+02
1.617500000000000000e+02
1.617500000000000000e+02
1.630000000000000000e+02
1.595000000000000000e+02
1.595000000000000000e+02
1.622500000000000000e+02
1.637500000000000000e+02
1.637500000000000000e+02
1.632500000000000000e+02
1.632500000000000000e+02
1.637500000000000000e+02
1.637500000000000000e+02
1.660000000000000000e+02
1.635000000000000000e+02
1.635000000000000000e+02
1.662500000000000000e+02
1.655000000000000000e+02
1.655000000000000000e+02
1.645000000000000000e+02
1.670000000000000000e+02
1.670000000000000000e+02
1.680000000000000000e+02
1.695000000000000000e+02
1.702500000000000000e+02
1.702500000000000000e+02
1.712500000000000000e+02
1.695000000000000000e+02
1.695000000000000000e+02
1.705000000000000000e+02
1.702500000000000000e+02
1.705000000000000000e+02
1.705000000000000000e+02
1.700000000000000000e+02
1.717500000000000000e+02
1.717500000000000000e+02
1.705000000000000000e+02
1.677500000000000000e+02
1.677500000000000000e+02
1.707500000000000000e+02
1.705000000000000000e+02
1.685000000000000000e+02
1.685000000000000000e+02
1.677500000000000000e+02
1.707500000000000000e+02
1.707500000000000000e+02
1.677500000000000000e+02
1.672500000000000000e+02
1.692500000000000000e+02
1.692500000000000000e+02
1.700000000000000000e+02
1.695000000000000000e+02
1.695000000000000000e+02
1.707500000000000000e+02
1.695000000000000000e+02
1.695000000000000000e+02
1.715000000000000000e+02
1.717500000000000000e+02
1.710000000000000000e+02
1.710000000000000000e+02
1.717500000000000000e+02
1.717500000000000000e+02
1.717500000000000000e+02
1.682500000000000000e+02
1.705000000000000000e+02
1.705000000000000000e+02
1.705000000000000000e+02
1.707500000000000000e+02
1.700000000000000000e+02
1.700000000000000000e+02
1.722500000000000000e+02
1.715000000000000000e+02
1.722500000000000000e+02
1.722500000000000000e+02
1.725000000000000000e+02
1.717500000000000000e+02
1.717500000000000000e+02
1.727500000000000000e+02
1.735000000000000000e+02
1.747500000000000000e+02
1.747500000000000000e+02
1.752500000000000000e+02
1.762500000000000000e+02
1.755000000000000000e+02
1.755000000000000000e+02
1.757500000000000000e+02
1.750000000000000000e+02
1.750000000000000000e+02
1.737500000000000000e+02
1.742500000000000000e+02
1.750000000000000000e+02
1.750000000000000000e+02
1.752500000000000000e+02
1.755000000000000000e+02
1.755000000000000000e+02
1.735000000000000000e+02
1.730000000000000000e+02
1.735000000000000000e+02
1.735000000000000000e+02
1.740000000000000000e+02
1.730000000000000000e+02
1.735000000000000000e+02
1.735000000000000000e+02
1.740000000000000000e+02
1.752500000000000000e+02
1.752500000000000000e+02
1.732500000000000000e+02
1.750000000000000000e+02
1.752500000000000000e+02
1.752500000000000000e+02
1.752500000000000000e+02
1.760000000000000000e+02
1.762500000000000000e+02
1.757500000000000000e+02
1.757500000000000000e+02
1.757500000000000000e+02
1.752500000000000000e+02
1.752500000000000000e+02
1.750000000000000000e+02
1.765000000000000000e+02
1.765000000000000000e+02
1.752500000000000000e+02
1.752500000000000000e+02
1.775000000000000000e+02
1.775000000000000000e+02
1.775000000000000000e+02
1.760000000000000000e+02
1.772500000000000000e+02
1.772500000000000000e+02
1.775000000000000000e+02
1.780000000000000000e+02
1.772500000000000000e+02
1.772500000000000000e+02
1.765000000000000000e+02
1.765000000000000000e+02
1.770000000000000000e+02
1.770000000000000000e+02
1.767500000000000000e+02
1.777500000000000000e+02
1.777500000000000000e+02
1.777500000000000000e+02
1.767500000000000000e+02
1.792500000000000000e+02
1.792500000000000000e+02
1.792500000000000000e+02
1.795000000000000000e+02
1.770000000000000000e+02
1.770000000000000000e+02
1.762500000000000000e+02
1.750000000000000000e+02
1.762500000000000000e+02
1.762500000000000000e+02
1.767500000000000000e+02
1.745000000000000000e+02
1.767500000000000000e+02
1.767500000000000000e+02
1.755000000000000000e+02
1.772500000000000000e+02
1.775000000000000000e+02
1.775000000000000000e+02
1.792500000000000000e+02
1.785000000000000000e+02
1.785000000000000000e+02
1.767500000000000000e+02
1.762500000000000000e+02
1.777500000000000000e+02
1.777500000000000000e+02
1.772500000000000000e+02
1.770000000000000000e+02
1.780000000000000000e+02
1.780000000000000000e+02
1.775000000000000000e+02
1.775000000000000000e+02
1.755000000000000000e+02
1.755000000000000000e+02
1.727500000000000000e+02
1.767500000000000000e+02
1.780000000000000000e+02
1.780000000000000000e+02
1.757500000000000000e+02
1.752500000000000000e+02
1.752500000000000000e+02
1.745000000000000000e+02
1.767500000000000000e+02
1.747500000000000000e+02
1.747500000000000000e+02
1.760000000000000000e+02
1.760000000000000000e+02
1.757500000000000000e+02
1.757500000000000000e+02
1.770000000000000000e+02
1.772500000000000000e+02
1.772500000000000000e+02
1.760000000000000000e+02
1.775000000000000000e+02
1.760000000000000000e+02
1.760000000000000000e+02
1.757500000000000000e+02
1.760000000000000000e+02
1.760000000000000000e+02
1.760000000000000000e+02
1.782500000000000000e+02
1.755000000000000000e+02
1.777500000000000000e+02
1.777500000000000000e+02
1.760000000000000000e+02
1.755000000000000000e+02
1.752500000000000000e+02
1.752500000000000000e+02
1.740000000000000000e+02
1.765000000000000000e+02
1.765000000000000000e+02
1.770000000000000000e+02
1.750000000000000000e+02
1.780000000000000000e+02
1.780000000000000000e+02
1.787500000000000000e+02
1.757500000000000000e+02
1.762500000000000000e+02
1.762500000000000000e+02
1.777500000000000000e+02
1.785000000000000000e+02
1.787500000000000000e+02
1.787500000000000000e+02
1.772500000000000000e+02
1.765000000000000000e+02
1.787500000000000000e+02
1.787500000000000000e+02
1.770000000000000000e+02
1.777500000000000000e+02
1.787500000000000000e+02
1.787500000000000000e+02
1.790000000000000000e+02
1.800000000000000000e+02
1.790000000000000000e+02
1.790000000000000000e+02
1.792500000000000000e+02
1.802500000000000000e+02
1.780000000000000000e+02
1.780000000000000000e+02
1.777500000000000000e+02
1.785000000000000000e+02
1.785000000000000000e+02
1.782500000000000000e+02
1.785000000000000000e+02
1.797500000000000000e+02
1.797500000000000000e+02
1.790000000000000000e+02
1.787500000000000000e+02
1.790000000000000000e+02
1.790000000000000000e+02
1.795000000000000000e+02
1.790000000000000000e+02
1.790000000000000000e+02
1.790000000000000000e+02
1.780000000000000000e+02
1.795000000000000000e+02
1.775000000000000000e+02
1.775000000000000000e+02
1.777500000000000000e+02
1.785000000000000000e+02
1.765000000000000000e+02
1.765000000000000000e+02
1.772500000000000000e+02
1.760000000000000000e+02
1.760000000000000000e+02
1.762500000000000000e+02
1.757500000000000000e+02
1.735000000000000000e+02
1.742500000000000000e+02
1.742500000000000000e+02
1.735000000000000000e+02
1.740000000000000000e+02
1.740000000000000000e+02
1.740000000000000000e+02
1.757500000000000000e+02
1.740000000000000000e+02
1.740000000000000000e+02
1.722500000000000000e+02
1.730000000000000000e+02
1.730000000000000000e+02
1.730000000000000000e+02
1.745000000000000000e+02
1.710000000000000000e+02
1.710000000000000000e+02
1.735000000000000000e+02
1.727500000000000000e+02
1.727500000000000000e+02
1.735000000000000000e+02
1.740000000000000000e+02
1.717500000000000000e+02
1.717500000000000000e+02
1.717500000000000000e+02
1.715000000000000000e+02
1.702500000000000000e+02
1.702500000000000000e+02
1.710000000000000000e+02
1.695000000000000000e+02
1.695000000000000000e+02
1.687500000000000000e+02
1.685000000000000000e+02
1.685000000000000000e+02
1.657500000000000000e+02
1.657500000000000000e+02
1.675000000000000000e+02
1.675000000000000000e+02
1.657500000000000000e+02
1.650000000000000000e+02
1.650000000000000000e+02
1.657500000000000000e+02
1.672500000000000000e+02
1.672500000000000000e+02
1.647500000000000000e+02
1.640000000000000000e+02
1.640000000000000000e+02
1.632500000000000000e+02
1.630000000000000000e+02
1.630000000000000000e+02
1.630000000000000000e+02
1.615000000000000000e+02
1.615000000000000000e+02
1.632500000000000000e+02
1.635000000000000000e+02
1.635000000000000000e+02
1.620000000000000000e+02
1.620000000000000000e+02
1.607500000000000000e+02
1.607500000000000000e+02
1.585000000000000000e+02
1.620000000000000000e+02
1.620000000000000000e+02
1.582500000000000000e+02
1.582500000000000000e+02
1.582500000000000000e+02
1.612500000000000000e+02
1.617500000000000000e+02
1.617500000000000000e+02
1.625000000000000000e+02
1.625000000000000000e+02
1.600000000000000000e+02
1.620000000000000000e+02
1.620000000000000000e+02
1.617500000000000000e+02
1.625000000000000000e+02
1.620000000000000000e+02
1.620000000000000000e+02
1.620000000000000000e+02
1.625000000000000000e+02
1.625000000000000000e+02
1.622500000000000000e+02
1.630000000000000000e+02
1.630000000000000000e+02
1.627500000000000000e+02
1.577500000000000000e+02
1.577500000000000000e+02
1.580000000000000000e+02
1.580000000000000000e+02
1.580000000000000000e+02
1.587500000000000000e+02
1.585000000000000000e+02
1.585000000000000000e+02
1.567500000000000000e+02
1.582500000000000000e+02
1.582500000000000000e+02
1.577500000000000000e+02
1.557500000000000000e+02
1.557500000000000000e+02
1.577500000000000000e+02
1.577500000000000000e+02
1.595000000000000000e+02
1.585000000000000000e+02
1.585000000000000000e+02
1.540000000000000000e+02
1.550000000000000000e+02
1.550000000000000000e+02
1.575000000000000000e+02
1.575000000000000000e+02
1.575000000000000000e+02
1.572500000000000000e+02
1.587500000000000000e+02
1.587500000000000000e+02
1.567500000000000000e+02
1.565000000000000000e+02
1.565000000000000000e+02
1.585000000000000000e+02
1.545000000000000000e+02
1.545000000000000000e+02
1.557500000000000000e+02
1.575000000000000000e+02
1.575000000000000000e+02
1.535000000000000000e+02
1.535000000000000000e+02
1.517500000000000000e+02
1.510000000000000000e+02
1.510000000000000000e+02
1.517500000000000000e+02
1.475000000000000000e+02
1.475000000000000000e+02
1.480000000000000000e+02
1.480000000000000000e+02
1.467500000000000000e+02
1.480000000000000000e+02
1.480000000000000000e+02
1.492500000000000000e+02
1.492500000000000000e+02
1.505000000000000000e+02
1.487500000000000000e+02
1.487500000000000000e+02
1.540000000000000000e+02
1.577500000000000000e+02
1.577500000000000000e+02
1.567500000000000000e+02
1.590000000000000000e+02
1.590000000000000000e+02
1.600000000000000000e+02
1.605000000000000000e+02
1.605000000000000000e+02
1.602500000000000000e+02
1.620000000000000000e+02
1.620000000000000000e+02
1.617500000000000000e+02
1.590000000000000000e+02
1.590000000000000000e+02
1.605000000000000000e+02
1.605000000000000000e+02
1.605000000000000000e+02
1.580000000000000000e+02
1.590000000000000000e+02
1.590000000000000000e+02
1.582500000000000000e+02
1.560000000000000000e+02
1.560000000000000000e+02
1.582500000000000000e+02
1.570000000000000000e+02
1.570000000000000000e+02
1.570000000000000000e+02
1.582500000000000000e+02
1.582500000000000000e+02
1.572500000000000000e+02
1.587500000000000000e+02
1.587500000000000000e+02
1.562500000000000000e+02
1.580000000000000000e+02
1.580000000000000000e+02
1.560000000000000000e+02
1.560000000000000000e+02
1.557500000000000000e+02
1.562500000000000000e+02
1.562500000000000000e+02
1.577500000000000000e+02
1.595000000000000000e+02
1.595000000000000000e+02
1.590000000000000000e+02
1.600000000000000000e+02
1.600000000000000000e+02
1.585000000000000000e+02
1.587500000000000000e+02
1.587500000000000000e+02
1.595000000000000000e+02
1.587500000000000000e+02
1.587500000000000000e+02
1.592500000000000000e+02
1.607500000000000000e+02
1.607500000000000000e+02
1.617500000000000000e+02
1.607500000000000000e+02
1.607500000000000000e+02
1.597500000000000000e+02
1.605000000000000000e+02
1.605000000000000000e+02
1.630000000000000000e+02
1.615000000000000000e+02
1.615000000000000000e+02
1.632500000000000000e+02
1.630000000000000000e+02
1.632500000000000000e+02
1.632500000000000000e+02
1.627500000000000000e+02
1.630000000000000000e+02
1.630000000000000000e+02
1.640000000000000000e+02
1.622500000000000000e+02
1.622500000000000000e+02
1.610000000000000000e+02
1.615000000000000000e+02
1.615000000000000000e+02
1.632500000000000000e+02
1.615000000000000000e+02
1.615000000000000000e+02
1.635000000000000000e+02
1.630000000000000000e+02
1.630000000000000000e+02
1.647500000000000000e+02
1.647500000000000000e+02
1.660000000000000000e+02
1.660000000000000000e+02
1.665000000000000000e+02
1.670000000000000000e+02
1.670000000000000000e+02
1.662500000000000000e+02
1.680000000000000000e+02
1.680000000000000000e+02
1.672500000000000000e+02
1.672500000000000000e+02
1.672500000000000000e+02
1.645000000000000000e+02
1.662500000000000000e+02
1.662500000000000000e+02
1.665000000000000000e+02
1.662500000000000000e+02
1.665000000000000000e+02
1.665000000000000000e+02
1.667500000000000000e+02
1.687500000000000000e+02
1.687500000000000000e+02
1.677500000000000000e+02
1.690000000000000000e+02
1.690000000000000000e+02
1.677500000000000000e+02
1.680000000000000000e+02
1.687500000000000000e+02
1.687500000000000000e+02
1.692500000000000000e+02
1.685000000000000000e+02
1.685000000000000000e+02
1.670000000000000000e+02
1.680000000000000000e+02
1.695000000000000000e+02
1.695000000000000000e+02
1.705000000000000000e+02
1.695000000000000000e+02
1.695000000000000000e+02
1.700000000000000000e+02
1.687500000000000000e+02
1.685000000000000000e+02
1.685000000000000000e+02
1.705000000000000000e+02
1.695000000000000000e+02
1.695000000000000000e+02
1.707500000000000000e+02
1.707500000000000000e+02
1.707500000000000000e+02
1.695000000000000000e+02
1.700000000000000000e+02
1.715000000000000000e+02
1.715000000000000000e+02
1.715000000000000000e+02
1.720000000000000000e+02
1.720000000000000000e+02
1.707500000000000000e+02
1.727500000000000000e+02
1.725000000000000000e+02
1.725000000000000000e+02
1.727500000000000000e+02
1.722500000000000000e+02
1.707500000000000000e+02
1.707500000000000000e+02
1.710000000000000000e+02
1.712500000000000000e+02
1.712500000000000000e+02
1.725000000000000000e+02
1.710000000000000000e+02
1.710000000000000000e+02
1.712500000000000000e+02
1.730000000000000000e+02
1.745000000000000000e+02
1.745000000000000000e+02
1.732500000000000000e+02
1.722500000000000000e+02
1.722500000000000000e+02
1.722500000000000000e+02
1.717500000000000000e+02
1.725000000000000000e+02
1.725000000000000000e+02
1.735000000000000000e+02
1.730000000000000000e+02
1.730000000000000000e+02
1.715000000000000000e+02
1.732500000000000000e+02
1.732500000000000000e+02
1.732500000000000000e+02
1.722500000000000000e+02
1.715000000000000000e+02
1.727500000000000000e+02
1.727500000000000000e+02
1.752500000000000000e+02
1.707500000000000000e+02
1.735000000000000000e+02
1.735000000000000000e+02
1.727500000000000000e+02
1.737500000000000000e+02
1.737500000000000000e+02
1.722500000000000000e+02
1.737500000000000000e+02
1.737500000000000000e+02
1.735000000000000000e+02
1.752500000000000000e+02
1.745000000000000000e+02
1.745000000000000000e+02
1.747500000000000000e+02
1.752500000000000000e+02
1.752500000000000000e+02
1.752500000000000000e+02
1.740000000000000000e+02
1.747500000000000000e+02
1.747500000000000000e+02
1.755000000000000000e+02
1.757500000000000000e+02
1.772500000000000000e+02
1.772500000000000000e+02
1.722500000000000000e+02
1.755000000000000000e+02
1.762500000000000000e+02
1.762500000000000000e+02
1.757500000000000000e+02
1.765000000000000000e+02
1.765000000000000000e+02
1.765000000000000000e+02
1.755000000000000000e+02
1.757500000000000000e+02
1.757500000000000000e+02
1.760000000000000000e+02
1.755000000000000000e+02
1.762500000000000000e+02
1.762500000000000000e+02
1.762500000000000000e+02
1.767500000000000000e+02
1.757500000000000000e+02
1.757500000000000000e+02
1.747500000000000000e+02
1.750000000000000000e+02
1.750000000000000000e+02
1.760000000000000000e+02
1.760000000000000000e+02
1.765000000000000000e+02
1.765000000000000000e+02
1.752500000000000000e+02
1.757500000000000000e+02
1.735000000000000000e+02
1.735000000000000000e+02
1.745000000000000000e+02
1.742500000000000000e+02
1.742500000000000000e+02
1.760000000000000000e+02
1.757500000000000000e+02
1.740000000000000000e+02
1.775000000000000000e+02
1.775000000000000000e+02
1.765000000000000000e+02
1.757500000000000000e+02
1.757500000000000000e+02
1.752500000000000000e+02
1.797500000000000000e+02
1.717500000000000000e+02
1.717500000000000000e+02
1.757500000000000000e+02
1.765000000000000000e+02
1.772500000000000000e+02
1.772500000000000000e+02
1.780000000000000000e+02
1.760000000000000000e+02
1.780000000000000000e+02
1.780000000000000000e+02
1.772500000000000000e+02
1.782500000000000000e+02
1.782500000000000000e+02
1.760000000000000000e+02
1.770000000000000000e+02
1.767500000000000000e+02
1.767500000000000000e+02
1.762500000000000000e+02
1.747500000000000000e+02
1.755000000000000000e+02
1.755000000000000000e+02
1.770000000000000000e+02
1.762500000000000000e+02
1.765000000000000000e+02
1.765000000000000000e+02
1.757500000000000000e+02
1.770000000000000000e+02
1.765000000000000000e+02
1.765000000000000000e+02
1.762500000000000000e+02
1.770000000000000000e+02
1.770000000000000000e+02
1.765000000000000000e+02
1.750000000000000000e+02
1.790000000000000000e+02
1.790000000000000000e+02
1.755000000000000000e+02
1.755000000000000000e+02
1.762500000000000000e+02
1.762500000000000000e+02
1.747500000000000000e+02
1.765000000000000000e+02
1.765000000000000000e+02
1.775000000000000000e+02
1.752500000000000000e+02
1.762500000000000000e+02
1.762500000000000000e+02
1.765000000000000000e+02
1.765000000000000000e+02
1.762500000000000000e+02
1.762500000000000000e+02
1.750000000000000000e+02
1.772500000000000000e+02
1.765000000000000000e+02
1.765000000000000000e+02
1.770000000000000000e+02
1.775000000000000000e+02
1.767500000000000000e+02
1.767500000000000000e+02
1.787500000000000000e+02
1.752500000000000000e+02
1.772500000000000000e+02
1.772500000000000000e+02
1.772500000000000000e+02
1.777500000000000000e+02
1.777500000000000000e+02
1.772500000000000000e+02
1.770000000000000000e+02
1.765000000000000000e+02
1.765000000000000000e+02
1.780000000000000000e+02
1.777500000000000000e+02
1.772500000000000000e+02
1.772500000000000000e+02
1.765000000000000000e+02
1.765000000000000000e+02
1.765000000000000000e+02
1.765000000000000000e+02
1.767500000000000000e+02
1.772500000000000000e+02
1.772500000000000000e+02
1.770000000000000000e+02
1.772500000000000000e+02
1.772500000000000000e+02
1.772500000000000000e+02
1.792500000000000000e+02
1.725000000000000000e+02
1.755000000000000000e+02
1.755000000000000000e+02
1.747500000000000000e+02
1.750000000000000000e+02
1.740000000000000000e+02
1.740000000000000000e+02
1.750000000000000000e+02
1.745000000000000000e+02
1.745000000000000000e+02
1.755000000000000000e+02
1.760000000000000000e+02
1.752500000000000000e+02
1.752500000000000000e+02
1.762500000000000000e+02
1.755000000000000000e+02
1.760000000000000000e+02
1.760000000000000000e+02
1.770000000000000000e+02
1.762500000000000000e+02
1.762500000000000000e+02
1.752500000000000000e+02
1.752500000000000000e+02
1.745000000000000000e+02
1.745000000000000000e+02
1.742500000000000000e+02
1.737500000000000000e+02
1.747500000000000000e+02
1.747500000000000000e+02
1.737500000000000000e+02
1.745000000000000000e+02
1.745000000000000000e+02
1.775000000000000000e+02
1.737500000000000000e+02
1.762500000000000000e+02
1.755000000000000000e+02
1.755000000000000000e+02
1.762500000000000000e+02
1.777500000000000000e+02
1.777500000000000000e+02
1.757500000000000000e+02
1.755000000000000000e+02
1.767500000000000000e+02
1.767500000000000000e+02
1.765000000000000000e+02
1.757500000000000000e+02
1.760000000000000000e+02
1.760000000000000000e+02
1.757500000000000000e+02
1.767500000000000000e+02
1.767500000000000000e+02
1.767500000000000000e+02
1.775000000000000000e+02
1.777500000000000000e+02
1.777500000000000000e+02
1.777500000000000000e+02
1.785000000000000000e+02
1.777500000000000000e+02
1.777500000000000000e+02
1.787500000000000000e+02
1.820000000000000000e+02
1.755000000000000000e+02
1.755000000000000000e+02
1.777500000000000000e+02
1.767500000000000000e+02
1.770000000000000000e+02
1.770000000000000000e+02
1.785000000000000000e+02
1.772500000000000000e+02
1.790000000000000000e+02
1.790000000000000000e+02
1.795000000000000000e+02
1.797500000000000000e+02
1.797500000000000000e+02
1.797500000000000000e+02
1.777500000000000000e+02
1.792500000000000000e+02
1.787500000000000000e+02
1.787500000000000000e+02
1.790000000000000000e+02
1.795000000000000000e+02
1.795000000000000000e+02
1.792500000000000000e+02
1.790000000000000000e+02
1.792500000000000000e+02
1.792500000000000000e+02
1.785000000000000000e+02
1.790000000000000000e+02
1.795000000000000000e+02
1.795000000000000000e+02
1.802500000000000000e+02
1.800000000000000000e+02
1.785000000000000000e+02
1.785000000000000000e+02
1.805000000000000000e+02
1.810000000000000000e+02
1.802500000000000000e+02
1.787500000000000000e+02
1.787500000000000000e+02
1.815000000000000000e+02
1.802500000000000000e+02
1.802500000000000000e+02
1.805000000000000000e+02
1.805000000000000000e+02
1.812500000000000000e+02
1.815000000000000000e+02
1.815000000000000000e+02
1.807500000000000000e+02
1.792500000000000000e+02
1.812500000000000000e+02
1.812500000000000000e+02
1.805000000000000000e+02
1.810000000000000000e+02
1.810000000000000000e+02
1.835000000000000000e+02
1.785000000000000000e+02
1.810000000000000000e+02
1.807500000000000000e+02
1.807500000000000000e+02
1.817500000000000000e+02
1.815000000000000000e+02
1.815000000000000000e+02
1.815000000000000000e+02
1.800000000000000000e+02
1.815000000000000000e+02
1.820000000000000000e+02
1.820000000000000000e+02
1.820000000000000000e+02
1.812500000000000000e+02
1.807500000000000000e+02
1.807500000000000000e+02
1.817500000000000000e+02
1.822500000000000000e+02
1.820000000000000000e+02
1.820000000000000000e+02
1.825000000000000000e+02
1.825000000000000000e+02
1.825000000000000000e+02
1.827500000000000000e+02
1.827500000000000000e+02
1.830000000000000000e+02
1.815000000000000000e+02
1.842500000000000000e+02
1.842500000000000000e+02
1.837500000000000000e+02
1.832500000000000000e+02
1.842500000000000000e+02
1.842500000000000000e+02
1.832500000000000000e+02
1.835000000000000000e+02
1.825000000000000000e+02
1.825000000000000000e+02
1.842500000000000000e+02
1.830000000000000000e+02
1.832500000000000000e+02
1.832500000000000000e+02
1.832500000000000000e+02
1.837500000000000000e+02
1.825000000000000000e+02
1.825000000000000000e+02
1.832500000000000000e+02
1.827500000000000000e+02
1.830000000000000000e+02
1.830000000000000000e+02
1.830000000000000000e+02
1.835000000000000000e+02
1.850000000000000000e+02
1.810000000000000000e+02
1.810000000000000000e+02
1.830000000000000000e+02
1.835000000000000000e+02
1.835000000000000000e+02
1.835000000000000000e+02
1.832500000000000000e+02
1.827500000000000000e+02
1.835000000000000000e+02
1.832500000000000000e+02
1.832500000000000000e+02
1.830000000000000000e+02
1.835000000000000000e+02
1.835000000000000000e+02
1.822500000000000000e+02
1.832500000000000000e+02
1.832500000000000000e+02
1.830000000000000000e+02
1.830000000000000000e+02
1.850000000000000000e+02
1.812500000000000000e+02
1.835000000000000000e+02
1.835000000000000000e+02
1.830000000000000000e+02
1.835000000000000000e+02
1.842500000000000000e+02
1.832500000000000000e+02
1.832500000000000000e+02
1.835000000000000000e+02
1.842500000000000000e+02
1.842500000000000000e+02
1.837500000000000000e+02
1.837500000000000000e+02
1.840000000000000000e+02
1.845000000000000000e+02
1.845000000000000000e+02
1.847500000000000000e+02
1.845000000000000000e+02
1.880000000000000000e+02
1.810000000000000000e+02
1.810000000000000000e+02
1.842500000000000000e+02
1.837500000000000000e+02
1.837500000000000000e+02
1.845000000000000000e+02
1.832500000000000000e+02
1.847500000000000000e+02
1.840000000000000000e+02
1.840000000000000000e+02
1.837500000000000000e+02
1.832500000000000000e+02
1.835000000000000000e+02
1.835000000000000000e+02
1.835000000000000000e+02
1.835000000000000000e+02
1.832500000000000000e+02
1.832500000000000000e+02
1.837500000000000000e+02
1.840000000000000000e+02
1.832500000000000000e+02
1.837500000000000000e+02
1.837500000000000000e+02
1.835000000000000000e+02
1.825000000000000000e+02
1.855000000000000000e+02
1.855000000000000000e+02
1.832500000000000000e+02
1.837500000000000000e+02
1.842500000000000000e+02
1.842500000000000000e+02
1.837500000000000000e+02
1.842500000000000000e+02
1.840000000000000000e+02
1.847500000000000000e+02
1.847500000000000000e+02
1.842500000000000000e+02
1.842500000000000000e+02
1.842500000000000000e+02
1.842500000000000000e+02
1.847500000000000000e+02
1.840000000000000000e+02
1.845000000000000000e+02
1.845000000000000000e+02
1.845000000000000000e+02
1.845000000000000000e+02
1.850000000000000000e+02
1.830000000000000000e+02
1.830000000000000000e+02
1.852500000000000000e+02
1.845000000000000000e+02
1.842500000000000000e+02
1.842500000000000000e+02
1.842500000000000000e+02
1.845000000000000000e+02
1.847500000000000000e+02
1.847500000000000000e+02
1.847500000000000000e+02
1.842500000000000000e+02
1.847500000000000000e+02
1.847500000000000000e+02
1.837500000000000000e+02
1.847500000000000000e+02
1.855000000000000000e+02
1.845000000000000000e+02
1.845000000000000000e+02
1.850000000000000000e+02
1.842500000000000000e+02
1.845000000000000000e+02
1.845000000000000000e+02
1.855000000000000000e+02
1.842500000000000000e+02
1.850000000000000000e+02
1.850000000000000000e+02
1.847500000000000000e+02
1.852500000000000000e+02
1.852500000000000000e+02
1.847500000000000000e+02
1.847500000000000000e+02
1.850000000000000000e+02
1.852500000000000000e+02
1.857500000000000000e+02
1.857500000000000000e+02
1.855000000000000000e+02
1.852500000000000000e+02
1.855000000000000000e+02
1.855000000000000000e+02
1.855000000000000000e+02
1.850000000000000000e+02
1.857500000000000000e+02
1.850000000000000000e+02
1.850000000000000000e+02
1.850000000000000000e+02
1.872500000000000000e+02
1.830000000000000000e+02
1.850000000000000000e+02
1.850000000000000000e+02
1.852500000000000000e+02
1.847500000000000000e+02
1.847500000000000000e+02
1.852500000000000000e+02
1.847500000000000000e+02
1.847500000000000000e+02
1.850000000000000000e+02
1.850000000000000000e+02
1.855000000000000000e+02
1.840000000000000000e+02
1.845000000000000000e+02
1.845000000000000000e+02
1.840000000000000000e+02
1.857500000000000000e+02
1.850000000000000000e+02
1.852500000000000000e+02
1.852500000000000000e+02
1.840000000000000000e+02
1.847500000000000000e+02
1.847500000000000000e+02
1.847500000000000000e+02
1.850000000000000000e+02
1.852500000000000000e+02
1.850000000000000000e+02
1.847500000000000000e+02
1.847500000000000000e+02
1.850000000000000000e+02
1.852500000000000000e+02
1.852500000000000000e+02
1.852500000000000000e+02
1.845000000000000000e+02
1.852500000000000000e+02
1.845000000000000000e+02
1.845000000000000000e+02
1.855000000000000000e+02
1.850000000000000000e+02
1.877500000000000000e+02
1.877500000000000000e+02
1.820000000000000000e+02
1.850000000000000000e+02
1.847500000000000000e+02
1.852500000000000000e+02
1.852500000000000000e+02
1.852500000000000000e+02
1.850000000000000000e+02
1.847500000000000000e+02
1.847500000000000000e+02
1.847500000000000000e+02
1.845000000000000000e+02
1.855000000000000000e+02
1.855000000000000000e+02
1.855000000000000000e+02
1.855000000000000000e+02
1.852500000000000000e+02
1.855000000000000000e+02
1.855000000000000000e+02
1.847500000000000000e+02
1.855000000000000000e+02
1.855000000000000000e+02
1.855000000000000000e+02
1.855000000000000000e+02
1.850000000000000000e+02
1.860000000000000000e+02
1.852500000000000000e+02
1.852500000000000000e+02
1.860000000000000000e+02
1.852500000000000000e+02
1.855000000000000000e+02
1.855000000000000000e+02
1.857500000000000000e+02
1.860000000000000000e+02
1.857500000000000000e+02
1.857500000000000000e+02
1.840000000000000000e+02
1.870000000000000000e+02
1.857500000000000000e+02
1.850000000000000000e+02
1.850000000000000000e+02
1.855000000000000000e+02
1.857500000000000000e+02
1.850000000000000000e+02
1.855000000000000000e+02
1.855000000000000000e+02
1.855000000000000000e+02
1.855000000000000000e+02
1.857500000000000000e+02
1.857500000000000000e+02
1.857500000000000000e+02
1.857500000000000000e+02
1.860000000000000000e+02
1.860000000000000000e+02
1.855000000000000000e+02
1.855000000000000000e+02
1.857500000000000000e+02
1.847500000000000000e+02
1.847500000000000000e+02
1.857500000000000000e+02
1.842500000000000000e+02
1.870000000000000000e+02
1.870000000000000000e+02
1.852500000000000000e+02
1.857500000000000000e+02
1.852500000000000000e+02
1.852500000000000000e+02
1.857500000000000000e+02
1.855000000000000000e+02
1.857500000000000000e+02
1.857500000000000000e+02
1.857500000000000000e+02
1.860000000000000000e+02
1.850000000000000000e+02
1.860000000000000000e+02
1.860000000000000000e+02
1.852500000000000000e+02
1.845000000000000000e+02
1.840000000000000000e+02
1.845000000000000000e+02
1.845000000000000000e+02
1.842500000000000000e+02
1.837500000000000000e+02
1.837500000000000000e+02
1.837500000000000000e+02
1.875000000000000000e+02
1.800000000000000000e+02
1.835000000000000000e+02
1.835000000000000000e+02
1.837500000000000000e+02
1.827500000000000000e+02
1.835000000000000000e+02
1.837500000000000000e+02
1.837500000000000000e+02
1.837500000000000000e+02
1.830000000000000000e+02
1.830000000000000000e+02
1.837500000000000000e+02
1.832500000000000000e+02
1.832500000000000000e+02
1.835000000000000000e+02
1.835000000000000000e+02
1.835000000000000000e+02
1.835000000000000000e+02
1.830000000000000000e+02
1.830000000000000000e+02
1.835000000000000000e+02
1.835000000000000000e+02
1.832500000000000000e+02
1.832500000000000000e+02
1.832500000000000000e+02
1.832500000000000000e+02
1.830000000000000000e+02
1.832500000000000000e+02
1.832500000000000000e+02
1.832500000000000000e+02
1.835000000000000000e+02
1.832500000000000000e+02
1.832500000000000000e+02
1.835000000000000000e+02
1.832500000000000000e+02
1.832500000000000000e+02
1.832500000000000000e+02
1.835000000000000000e+02
1.835000000000000000e+02
1.835000000000000000e+02
1.835000000000000000e+02
1.835000000000000000e+02
1.835000000000000000e+02
1.827500000000000000e+02
1.827500000000000000e+02
1.837500000000000000e+02
1.835000000000000000e+02
1.832500000000000000e+02
1.835000000000000000e+02
1.835000000000000000e+02
1.825000000000000000e+02
1.820000000000000000e+02
1.837500000000000000e+02
1.837500000000000000e+02
1.835000000000000000e+02
1.827500000000000000e+02
1.827500000000000000e+02
1.832500000000000000e+02
1.832500000000000000e+02
1.827500000000000000e+02
1.817500000000000000e+02
1.817500000000000000e+02
1.817500000000000000e+02
1.817500000000000000e+02
1.832500000000000000e+02
1.822500000000000000e+02
1.822500000000000000e+02
1.820000000000000000e+02
1.820000000000000000e+02
1.815000000000000000e+02
1.815000000000000000e+02
1.820000000000000000e+02
1.820000000000000000e+02
1.815000000000000000e+02
1.815000000000000000e+02
1.820000000000000000e+02
1.817500000000000000e+02
1.805000000000000000e+02
1.805000000000000000e+02
1.827500000000000000e+02
1.817500000000000000e+02
1.817500000000000000e+02
1.817500000000000000e+02
1.820000000000000000e+02
1.810000000000000000e+02
1.817500000000000000e+02
1.817500000000000000e+02
1.812500000000000000e+02
1.812500000000000000e+02
1.812500000000000000e+02
1.812500000000000000e+02
1.810000000000000000e+02
1.812500000000000000e+02
1.812500000000000000e+02
1.802500000000000000e+02
1.802500000000000000e+02
1.810000000000000000e+02
1.807500000000000000e+02
1.807500000000000000e+02
1.812500000000000000e+02
1.805000000000000000e+02
1.807500000000000000e+02
1.807500000000000000e+02
1.800000000000000000e+02
1.795000000000000000e+02
1.825000000000000000e+02
1.825000000000000000e+02
1.780000000000000000e+02
1.797500000000000000e+02
1.802500000000000000e+02
1.795000000000000000e+02
1.795000000000000000e+02
1.800000000000000000e+02
1.792500000000000000e+02
1.792500000000000000e+02
1.792500000000000000e+02
1.790000000000000000e+02
1.790000000000000000e+02
1.790000000000000000e+02
1.800000000000000000e+02
1.760000000000000000e+02
1.760000000000000000e+02
1.760000000000000000e+02
1.775000000000000000e+02
1.765000000000000000e+02
1.767500000000000000e+02
1.767500000000000000e+02
1.767500000000000000e+02
1.767500000000000000e+02
1.760000000000000000e+02
1.760000000000000000e+02
1.767500000000000000e+02
1.762500000000000000e+02
1.762500000000000000e+02
1.765000000000000000e+02
1.757500000000000000e+02
1.762500000000000000e+02
1.762500000000000000e+02
1.757500000000000000e+02
1.765000000000000000e+02
1.752500000000000000e+02
1.752500000000000000e+02
1.760000000000000000e+02
1.752500000000000000e+02
1.757500000000000000e+02
1.757500000000000000e+02
1.742500000000000000e+02
1.757500000000000000e+02
1.747500000000000000e+02
1.747500000000000000e+02
1.750000000000000000e+02
1.740000000000000000e+02
1.740000000000000000e+02
1.742500000000000000e+02
1.737500000000000000e+02
1.735000000000000000e+02
1.735000000000000000e+02
1.745000000000000000e+02
1.725000000000000000e+02
1.725000000000000000e+02
1.727500000000000000e+02
1.720000000000000000e+02
1.715000000000000000e+02
1.715000000000000000e+02
1.727500000000000000e+02
1.712500000000000000e+02
1.712500000000000000e+02
1.710000000000000000e+02
1.710000000000000000e+02
1.705000000000000000e+02
1.705000000000000000e+02
1.720000000000000000e+02
1.660000000000000000e+02
1.660000000000000000e+02
1.682500000000000000e+02
1.682500000000000000e+02
1.682500000000000000e+02
1.667500000000000000e+02
1.672500000000000000e+02
1.677500000000000000e+02
1.677500000000000000e+02
1.680000000000000000e+02
1.677500000000000000e+02
1.677500000000000000e+02
1.675000000000000000e+02
1.657500000000000000e+02
1.657500000000000000e+02
1.645000000000000000e+02
1.620000000000000000e+02
1.630000000000000000e+02
1.630000000000000000e+02
1.587500000000000000e+02
1.587500000000000000e+02
1.612500000000000000e+02
1.605000000000000000e+02
1.620000000000000000e+02
1.620000000000000000e+02
1.622500000000000000e+02
1.615000000000000000e+02
1.615000000000000000e+02
1.627500000000000000e+02
1.630000000000000000e+02
1.630000000000000000e+02
1.630000000000000000e+02
1.642500000000000000e+02
1.642500000000000000e+02
1.640000000000000000e+02
1.632500000000000000e+02
1.632500000000000000e+02
1.630000000000000000e+02
1.600000000000000000e+02
1.600000000000000000e+02
1.610000000000000000e+02
1.620000000000000000e+02
1.620000000000000000e+02
1.627500000000000000e+02
1.622500000000000000e+02
1.622500000000000000e+02
1.600000000000000000e+02
1.610000000000000000e+02
1.610000000000000000e+02
1.620000000000000000e+02
1.602500000000000000e+02
1.602500000000000000e+02
1.610000000000000000e+02
1.617500000000000000e+02
1.617500000000000000e+02
1.605000000000000000e+02
1.620000000000000000e+02
1.620000000000000000e+02
1.607500000000000000e+02
1.592500000000000000e+02
1.592500000000000000e+02
1.612500000000000000e+02
1.572500000000000000e+02
1.572500000000000000e+02
1.612500000000000000e+02
1.582500000000000000e+02
1.582500000000000000e+02
1.590000000000000000e+02
1.595000000000000000e+02
1.595000000000000000e+02
1.597500000000000000e+02
1.585000000000000000e+02
1.585000000000000000e+02
1.582500000000000000e+02
1.572500000000000000e+02
1.572500000000000000e+02
1.565000000000000000e+02
1.547500000000000000e+02
1.547500000000000000e+02
1.557500000000000000e+02
1.547500000000000000e+02
1.547500000000000000e+02
1.545000000000000000e+02
1.582500000000000000e+02
1.582500000000000000e+02
1.527500000000000000e+02
1.527500000000000000e+02
1.560000000000000000e+02
1.567500000000000000e+02
1.567500000000000000e+02
1.560000000000000000e+02
1.567500000000000000e+02
1.567500000000000000e+02
1.560000000000000000e+02
1.562500000000000000e+02
1.562500000000000000e+02
1.530000000000000000e+02
1.575000000000000000e+02
1.575000000000000000e+02
1.535000000000000000e+02
1.545000000000000000e+02
1.545000000000000000e+02
1.537500000000000000e+02
1.537500000000000000e+02
1.522500000000000000e+02
1.547500000000000000e+02
1.547500000000000000e+02
1.550000000000000000e+02
1.555000000000000000e+02
1.555000000000000000e+02
1.550000000000000000e+02
1.535000000000000000e+02
1.535000000000000000e+02
1.550000000000000000e+02
1.550000000000000000e+02
1.550000000000000000e+02
1.557500000000000000e+02
1.550000000000000000e+02
1.550000000000000000e+02
1.502500000000000000e+02
1.502500000000000000e+02
1.510000000000000000e+02
1.515000000000000000e+02
1.515000000000000000e+02
1.527500000000000000e+02
1.505000000000000000e+02
1.505000000000000000e+02
1.527500000000000000e+02
1.527500000000000000e+02
1.425000000000000000e+02
1.435000000000000000e+02
1.435000000000000000e+02
1.460000000000000000e+02
1.460000000000000000e+02
1.515000000000000000e+02
1.505000000000000000e+02
1.505000000000000000e+02
1.525000000000000000e+02
1.537500000000000000e+02
1.537500000000000000e+02
1.525000000000000000e+02
1.517500000000000000e+02
1.517500000000000000e+02
1.492500000000000000e+02
1.492500000000000000e+02
1.477500000000000000e+02
1.450000000000000000e+02
1.450000000000000000e+02
1.455000000000000000e+02
1.455000000000000000e+02
1.465000000000000000e+02
1.477500000000000000e+02
1.477500000000000000e+02
1.512500000000000000e+02
1.477500000000000000e+02
1.477500000000000000e+02
1.492500000000000000e+02
1.492500000000000000e+02
1.485000000000000000e+02
1.522500000000000000e+02
1.522500000000000000e+02
1.497500000000000000e+02
1.522500000000000000e+02
1.522500000000000000e+02
1.522500000000000000e+02
1.522500000000000000e+02
1.520000000000000000e+02
1.535000000000000000e+02
1.535000000000000000e+02
1.537500000000000000e+02
1.555000000000000000e+02
1.555000000000000000e+02
1.570000000000000000e+02
1.547500000000000000e+02
1.547500000000000000e+02
1.550000000000000000e+02
1.562500000000000000e+02
1.562500000000000000e+02
1.547500000000000000e+02
1.547500000000000000e+02
1.542500000000000000e+02
1.530000000000000000e+02
1.530000000000000000e+02
1.495000000000000000e+02
1.412500000000000000e+02
1.412500000000000000e+02
1.312500000000000000e+02
1.312500000000000000e+02
1.255000000000000000e+02
1.255000000000000000e+02
1.317500000000000000e+02
1.317500000000000000e+02
1.420000000000000000e+02
1.490000000000000000e+02
1.490000000000000000e+02
1.510000000000000000e+02
1.512500000000000000e+02
1.512500000000000000e+02
1.517500000000000000e+02
1.517500000000000000e+02
1.522500000000000000e+02
1.522500000000000000e+02
1.522500000000000000e+02
1.535000000000000000e+02
1.485000000000000000e+02
1.485000000000000000e+02
1.527500000000000000e+02
1.527500000000000000e+02
1.512500000000000000e+02
1.547500000000000000e+02
1.547500000000000000e+02
1.552500000000000000e+02
1.547500000000000000e+02
1.547500000000000000e+02
1.525000000000000000e+02
1.527500000000000000e+02
1.527500000000000000e+02
1.530000000000000000e+02
1.540000000000000000e+02
1.540000000000000000e+02
1.527500000000000000e+02
1.527500000000000000e+02
1.507500000000000000e+02
1.507500000000000000e+02
1.507500000000000000e+02
1.520000000000000000e+02
1.525000000000000000e+02
1.525000000000000000e+02
1.480000000000000000e+02
1.480000000000000000e+02
1.437500000000000000e+02
1.365000000000000000e+02
1.365000000000000000e+02
1.320000000000000000e+02
1.320000000000000000e+02
1.412500000000000000e+02
1.412500000000000000e+02
1.457500000000000000e+02
1.517500000000000000e+02
1.517500000000000000e+02
1.510000000000000000e+02
1.527500000000000000e+02
1.527500000000000000e+02
1.407500000000000000e+02
1.407500000000000000e+02
1.285000000000000000e+02
1.285000000000000000e+02
1.400000000000000000e+02
1.440000000000000000e+02
1.440000000000000000e+02
1.510000000000000000e+02
1.510000000000000000e+02
1.510000000000000000e+02
1.542500000000000000e+02
1.542500000000000000e+02
1.537500000000000000e+02
1.570000000000000000e+02
1.570000000000000000e+02
1.572500000000000000e+02
1.597500000000000000e+02
1.597500000000000000e+02
1.610000000000000000e+02
1.597500000000000000e+02
1.597500000000000000e+02
1.557500000000000000e+02
1.550000000000000000e+02
1.550000000000000000e+02
1.527500000000000000e+02
1.522500000000000000e+02
1.522500000000000000e+02
1.502500000000000000e+02
1.502500000000000000e+02
1.485000000000000000e+02
1.472500000000000000e+02
1.472500000000000000e+02
1.492500000000000000e+02
1.472500000000000000e+02
1.472500000000000000e+02
1.482500000000000000e+02
1.482500000000000000e+02
1.445000000000000000e+02
1.460000000000000000e+02
1.460000000000000000e+02
1.457500000000000000e+02
1.457500000000000000e+02
1.445000000000000000e+02
1.457500000000000000e+02
1.457500000000000000e+02
1.452500000000000000e+02
1.452500000000000000e+02
1.462500000000000000e+02
1.420000000000000000e+02
1.420000000000000000e+02
1.435000000000000000e+02
1.435000000000000000e+02
1.422500000000000000e+02
1.440000000000000000e+02
1.440000000000000000e+02
1.430000000000000000e+02
1.430000000000000000e+02
1.472500000000000000e+02
1.455000000000000000e+02
1.455000000000000000e+02
1.382500000000000000e+02
1.382500000000000000e+02
1.385000000000000000e+02
1.437500000000000000e+02
1.437500000000000000e+02
1.460000000000000000e+02
1.460000000000000000e+02
1.447500000000000000e+02
1.410000000000000000e+02
1.410000000000000000e+02
1.312500000000000000e+02
1.312500000000000000e+02
1.362500000000000000e+02
1.362500000000000000e+02
1.337500000000000000e+02
1.337500000000000000e+02
1.277500000000000000e+02
1.277500000000000000e+02
1.247500000000000000e+02
1.277500000000000000e+02
1.277500000000000000e+02
1.295000000000000000e+02
1.295000000000000000e+02
1.317500000000000000e+02
1.317500000000000000e+02
1.335000000000000000e+02
1.335000000000000000e+02
1.360000000000000000e+02
1.372500000000000000e+02
1.372500000000000000e+02
1.342500000000000000e+02
1.342500000000000000e+02
1.267500000000000000e+02
1.267500000000000000e+02
1.185000000000000000e+02
1.185000000000000000e+02
1.217500000000000000e+02
1.217500000000000000e+02
1.170000000000000000e+02
1.170000000000000000e+02
1.082500000000000000e+02
1.082500000000000000e+02
1.082500000000000000e+02
1.022500000000000000e+02
1.022500000000000000e+02
1.052500000000000000e+02
1.052500000000000000e+02
1.065000000000000000e+02
1.065000000000000000e+02
1.092500000000000000e+02
1.092500000000000000e+02
1.092500000000000000e+02
1.087500000000000000e+02
1.087500000000000000e+02
1.095000000000000000e+02
1.095000000000000000e+02
1.107500000000000000e+02
1.107500000000000000e+02
1.102500000000000000e+02
1.102500000000000000e+02
1.105000000000000000e+02
1.105000000000000000e+02
1.117500000000000000e+02
1.117500000000000000e+02
1.117500000000000000e+02
1.125000000000000000e+02
1.125000000000000000e+02
1.120000000000000000e+02
1.120000000000000000e+02
1.112500000000000000e+02
1.112500000000000000e+02
1.100000000000000000e+02
1.100000000000000000e+02
1.102500000000000000e+02
1.102500000000000000e+02
1.102500000000000000e+02
1.102500000000000000e+02
1.102500000000000000e+02
1.075000000000000000e+02
1.075000000000000000e+02
1.090000000000000000e+02
1.090000000000000000e+02
1.072500000000000000e+02
1.072500000000000000e+02
1.072500000000000000e+02
1.062500000000000000e+02
1.062500000000000000e+02
1.067500000000000000e+02
1.067500000000000000e+02
1.065000000000000000e+02
1.065000000000000000e+02
1.082500000000000000e+02
1.082500000000000000e+02
1.090000000000000000e+02
1.090000000000000000e+02
1.090000000000000000e+02
1.100000000000000000e+02
1.100000000000000000e+02
1.090000000000000000e+02
1.090000000000000000e+02
1.105000000000000000e+02
1.105000000000000000e+02
1.110000000000000000e+02
1.110000000000000000e+02
1.112500000000000000e+02
1.112500000000000000e+02
1.102500000000000000e+02
1.102500000000000000e+02
1.102500000000000000e+02
1.105000000000000000e+02
1.105000000000000000e+02
1.112500000000000000e+02
1.112500000000000000e+02
1.107500000000000000e+02
1.107500000000000000e+02
1.107500000000000000e+02
1.107500000000000000e+02
1.100000000000000000e+02
1.100000000000000000e+02
1.092500000000000000e+02
1.092500000000000000e+02
1.092500000000000000e+02
1.102500000000000000e+02
1.102500000000000000e+02
1.117500000000000000e+02
1.117500000000000000e+02
1.120000000000000000e+02
1.120000000000000000e+02
1.107500000000000000e+02
1.107500000000000000e+02
1.132500000000000000e+02
1.132500000000000000e+02
1.142500000000000000e+02
1.142500000000000000e+02
1.140000000000000000e+02
1.140000000000000000e+02
1.157500000000000000e+02
1.157500000000000000e+02
1.157500000000000000e+02
1.142500000000000000e+02
1.142500000000000000e+02
1.147500000000000000e+02
1.147500000000000000e+02
1.180000000000000000e+02
1.180000000000000000e+02
1.170000000000000000e+02
1.170000000000000000e+02
1.170000000000000000e+02
1.170000000000000000e+02
1.175000000000000000e+02
1.175000000000000000e+02
1.185000000000000000e+02
1.185000000000000000e+02
1.165000000000000000e+02
1.165000000000000000e+02
1.180000000000000000e+02
1.180000000000000000e+02
1.180000000000000000e+02
1.180000000000000000e+02
1.187500000000000000e+02
1.187500000000000000e+02
1.200000000000000000e+02
1.200000000000000000e+02
1.222500000000000000e+02
1.222500000000000000e+02
1.220000000000000000e+02
1.220000000000000000e+02
1.205000000000000000e+02
1.205000000000000000e+02
1.212500000000000000e+02
1.212500000000000000e+02
1.205000000000000000e+02
1.205000000000000000e+02
1.195000000000000000e+02
1.195000000000000000e+02
1.200000000000000000e+02
1.200000000000000000e+02
1.217500000000000000e+02
1.217500000000000000e+02
1.222500000000000000e+02
1.222500000000000000e+02
1.215000000000000000e+02
1.215000000000000000e+02
1.227500000000000000e+02
1.227500000000000000e+02
1.237500000000000000e+02
1.237500000000000000e+02
1.257500000000000000e+02
1.257500000000000000e+02
1.242500000000000000e+02
1.225000000000000000e+02
1.225000000000000000e+02
1.302500000000000000e+02
1.302500000000000000e+02
1.545000000000000000e+02
1.550000000000000000e+02
1.550000000000000000e+02
1.567500000000000000e+02
1.567500000000000000e+02
1.575000000000000000e+02
1.582500000000000000e+02
1.582500000000000000e+02
1.580000000000000000e+02
1.580000000000000000e+02
1.580000000000000000e+02
1.590000000000000000e+02
1.590000000000000000e+02
1.590000000000000000e+02
1.587500000000000000e+02
1.592500000000000000e+02
1.592500000000000000e+02
1.597500000000000000e+02
1.610000000000000000e+02
1.610000000000000000e+02
1.605000000000000000e+02
1.625000000000000000e+02
1.625000000000000000e+02
1.647500000000000000e+02
1.652500000000000000e+02
1.637500000000000000e+02
1.637500000000000000e+02
1.652500000000000000e+02
1.662500000000000000e+02
1.662500000000000000e+02
1.645000000000000000e+02
1.635000000000000000e+02
1.635000000000000000e+02
1.650000000000000000e+02
1.655000000000000000e+02
1.655000000000000000e+02
1.685000000000000000e+02
1.612500000000000000e+02
1.612500000000000000e+02
1.652500000000000000e+02
1.642500000000000000e+02
1.642500000000000000e+02
1.652500000000000000e+02
1.645000000000000000e+02
1.660000000000000000e+02
1.660000000000000000e+02
1.660000000000000000e+02
1.645000000000000000e+02
1.645000000000000000e+02
1.657500000000000000e+02
1.675000000000000000e+02
1.675000000000000000e+02
1.672500000000000000e+02
1.680000000000000000e+02
1.692500000000000000e+02
1.692500000000000000e+02
1.697500000000000000e+02
1.687500000000000000e+02
1.687500000000000000e+02
1.720000000000000000e+02
1.717500000000000000e+02
1.717500000000000000e+02
1.707500000000000000e+02
1.710000000000000000e+02
1.725000000000000000e+02
1.725000000000000000e+02
1.740000000000000000e+02
1.735000000000000000e+02
1.715000000000000000e+02
1.715000000000000000e+02
1.697500000000000000e+02
1.717500000000000000e+02
1.717500000000000000e+02
1.727500000000000000e+02
1.697500000000000000e+02
1.702500000000000000e+02
1.702500000000000000e+02
1.710000000000000000e+02
1.712500000000000000e+02
1.712500000000000000e+02
1.697500000000000000e+02
1.690000000000000000e+02
1.690000000000000000e+02
1.727500000000000000e+02
1.720000000000000000e+02
1.715000000000000000e+02
1.715000000000000000e+02
1.732500000000000000e+02
1.732500000000000000e+02
1.717500000000000000e+02
1.717500000000000000e+02
1.727500000000000000e+02
1.735000000000000000e+02
1.735000000000000000e+02
1.727500000000000000e+02
1.737500000000000000e+02
1.742500000000000000e+02
1.742500000000000000e+02
1.747500000000000000e+02
1.747500000000000000e+02
1.747500000000000000e+02
1.757500000000000000e+02
1.735000000000000000e+02
1.727500000000000000e+02
1.727500000000000000e+02
1.745000000000000000e+02
1.757500000000000000e+02
1.747500000000000000e+02
1.747500000000000000e+02
1.767500000000000000e+02
1.760000000000000000e+02
1.772500000000000000e+02
1.772500000000000000e+02
1.800000000000000000e+02
1.750000000000000000e+02
1.750000000000000000e+02
1.777500000000000000e+02
1.777500000000000000e+02
1.772500000000000000e+02
1.772500000000000000e+02
1.765000000000000000e+02
1.777500000000000000e+02
1.777500000000000000e+02
1.777500000000000000e+02
1.765000000000000000e+02
1.777500000000000000e+02
1.765000000000000000e+02
1.765000000000000000e+02
1.785000000000000000e+02
1.772500000000000000e+02
1.762500000000000000e+02
1.762500000000000000e+02
1.772500000000000000e+02
1.782500000000000000e+02
1.780000000000000000e+02
1.780000000000000000e+02
1.772500000000000000e+02
1.775000000000000000e+02
1.775000000000000000e+02
1.772500000000000000e+02
1.772500000000000000e+02
1.777500000000000000e+02
1.777500000000000000e+02
1.775000000000000000e+02
1.790000000000000000e+02
1.775000000000000000e+02
1.775000000000000000e+02
1.777500000000000000e+02
1.790000000000000000e+02
1.795000000000000000e+02
1.795000000000000000e+02
1.802500000000000000e+02
1.807500000000000000e+02
1.802500000000000000e+02
1.802500000000000000e+02
1.792500000000000000e+02
1.802500000000000000e+02
1.785000000000000000e+02
1.785000000000000000e+02
1.807500000000000000e+02
1.790000000000000000e+02
1.797500000000000000e+02
1.797500000000000000e+02
1.807500000000000000e+02
1.810000000000000000e+02
1.815000000000000000e+02
1.815000000000000000e+02
1.812500000000000000e+02
1.807500000000000000e+02
1.820000000000000000e+02
1.820000000000000000e+02
1.810000000000000000e+02
1.832500000000000000e+02
1.780000000000000000e+02
1.780000000000000000e+02
1.807500000000000000e+02
1.820000000000000000e+02
1.797500000000000000e+02
1.797500000000000000e+02
1.795000000000000000e+02
1.807500000000000000e+02
1.812500000000000000e+02
1.802500000000000000e+02
1.802500000000000000e+02
1.815000000000000000e+02
1.800000000000000000e+02
1.800000000000000000e+02
1.822500000000000000e+02
1.820000000000000000e+02
1.817500000000000000e+02
1.815000000000000000e+02
1.815000000000000000e+02
1.815000000000000000e+02
1.807500000000000000e+02
1.835000000000000000e+02
1.835000000000000000e+02
1.807500000000000000e+02
1.820000000000000000e+02
1.820000000000000000e+02
1.820000000000000000e+02
1.815000000000000000e+02
1.815000000000000000e+02
1.820000000000000000e+02
1.820000000000000000e+02
1.822500000000000000e+02
1.820000000000000000e+02
1.830000000000000000e+02
1.830000000000000000e+02
1.817500000000000000e+02
1.837500000000000000e+02
1.835000000000000000e+02
1.835000000000000000e+02
1.835000000000000000e+02
1.832500000000000000e+02
1.835000000000000000e+02
1.842500000000000000e+02
1.842500000000000000e+02
1.837500000000000000e+02
1.832500000000000000e+02
1.830000000000000000e+02
1.830000000000000000e+02
1.835000000000000000e+02
1.832500000000000000e+02
1.835000000000000000e+02
1.835000000000000000e+02
1.837500000000000000e+02
1.830000000000000000e+02
1.832500000000000000e+02
1.832500000000000000e+02
1.822500000000000000e+02
1.837500000000000000e+02
1.837500000000000000e+02
1.837500000000000000e+02
1.837500000000000000e+02
1.845000000000000000e+02
1.845000000000000000e+02
1.845000000000000000e+02
1.845000000000000000e+02
1.845000000000000000e+02
1.835000000000000000e+02
1.847500000000000000e+02
1.847500000000000000e+02
1.850000000000000000e+02
1.847500000000000000e+02
1.840000000000000000e+02
1.850000000000000000e+02
1.850000000000000000e+02
1.852500000000000000e+02
1.855000000000000000e+02
1.840000000000000000e+02
1.840000000000000000e+02
1.842500000000000000e+02
1.845000000000000000e+02
1.835000000000000000e+02
1.835000000000000000e+02
1.857500000000000000e+02
1.845000000000000000e+02
1.850000000000000000e+02
1.850000000000000000e+02
1.850000000000000000e+02
1.857500000000000000e+02
1.845000000000000000e+02
1.840000000000000000e+02
1.840000000000000000e+02
1.855000000000000000e+02
1.847500000000000000e+02
1.855000000000000000e+02
1.855000000000000000e+02
1.857500000000000000e+02
1.850000000000000000e+02
1.860000000000000000e+02
1.862500000000000000e+02
1.862500000000000000e+02
1.852500000000000000e+02
1.865000000000000000e+02
1.865000000000000000e+02
1.865000000000000000e+02
1.855000000000000000e+02
1.857500000000000000e+02
1.860000000000000000e+02
1.860000000000000000e+02
1.862500000000000000e+02
1.855000000000000000e+02
1.855000000000000000e+02
1.855000000000000000e+02
1.855000000000000000e+02
1.860000000000000000e+02
1.860000000000000000e+02
1.870000000000000000e+02
1.850000000000000000e+02
1.850000000000000000e+02
1.852500000000000000e+02
1.852500000000000000e+02
1.852500000000000000e+02
1.852500000000000000e+02
1.870000000000000000e+02
1.850000000000000000e+02
1.857500000000000000e+02
1.857500000000000000e+02
1.862500000000000000e+02
1.855000000000000000e+02
1.865000000000000000e+02
1.862500000000000000e+02
1.862500000000000000e+02
1.862500000000000000e+02
1.865000000000000000e+02
1.860000000000000000e+02
1.860000000000000000e+02
1.865000000000000000e+02
1.895000000000000000e+02
1.820000000000000000e+02
1.850000000000000000e+02
1.850000000000000000e+02
1.850000000000000000e+02
1.865000000000000000e+02
1.845000000000000000e+02
1.845000000000000000e+02
1.855000000000000000e+02
1.852500000000000000e+02
1.855000000000000000e+02
1.855000000000000000e+02
1.847500000000000000e+02
1.847500000000000000e+02
1.845000000000000000e+02
1.842500000000000000e+02
1.842500000000000000e+02
1.842500000000000000e+02
1.832500000000000000e+02
1.837500000000000000e+02
1.837500000000000000e+02
1.842500000000000000e+02
1.845000000000000000e+02
1.840000000000000000e+02
1.840000000000000000e+02
1.850000000000000000e+02
1.835000000000000000e+02
1.825000000000000000e+02
1.840000000000000000e+02
1.840000000000000000e+02
1.830000000000000000e+02
1.837500000000000000e+02
1.830000000000000000e+02
1.830000000000000000e+02
1.840000000000000000e+02
1.837500000000000000e+02
1.840000000000000000e+02
1.840000000000000000e+02
1.840000000000000000e+02
1.845000000000000000e+02
1.845000000000000000e+02
1.845000000000000000e+02
1.875000000000000000e+02
1.812500000000000000e+02
1.850000000000000000e+02
1.852500000000000000e+02
1.852500000000000000e+02
1.842500000000000000e+02
1.830000000000000000e+02
1.867500000000000000e+02
1.867500000000000000e+02
1.850000000000000000e+02
1.845000000000000000e+02
1.852500000000000000e+02
1.845000000000000000e+02
1.845000000000000000e+02
1.832500000000000000e+02
1.837500000000000000e+02
1.832500000000000000e+02
1.832500000000000000e+02
1.845000000000000000e+02
1.835000000000000000e+02
1.840000000000000000e+02
1.840000000000000000e+02
1.845000000000000000e+02
1.837500000000000000e+02
1.842500000000000000e+02
1.842500000000000000e+02
1.845000000000000000e+02
1.837500000000000000e+02
1.847500000000000000e+02
1.847500000000000000e+02
1.847500000000000000e+02
1.852500000000000000e+02
1.857500000000000000e+02
1.860000000000000000e+02
1.860000000000000000e+02
1.860000000000000000e+02
1.855000000000000000e+02
1.850000000000000000e+02
1.850000000000000000e+02
1.852500000000000000e+02
1.840000000000000000e+02
1.842500000000000000e+02
1.845000000000000000e+02
1.845000000000000000e+02
1.842500000000000000e+02
1.837500000000000000e+02
1.837500000000000000e+02
1.837500000000000000e+02
1.850000000000000000e+02
1.852500000000000000e+02
1.842500000000000000e+02
1.842500000000000000e+02
1.855000000000000000e+02
1.847500000000000000e+02
1.842500000000000000e+02
1.847500000000000000e+02
1.847500000000000000e+02
1.847500000000000000e+02
1.852500000000000000e+02
1.850000000000000000e+02
1.850000000000000000e+02
1.850000000000000000e+02
1.852500000000000000e+02
1.845000000000000000e+02
1.845000000000000000e+02
1.850000000000000000e+02
1.842500000000000000e+02
1.845000000000000000e+02
1.840000000000000000e+02
1.840000000000000000e+02
1.842500000000000000e+02
1.840000000000000000e+02
1.837500000000000000e+02
1.837500000000000000e+02
1.842500000000000000e+02
1.842500000000000000e+02
1.837500000000000000e+02
1.837500000000000000e+02
1.840000000000000000e+02
1.845000000000000000e+02
1.840000000000000000e+02
1.840000000000000000e+02
1.840000000000000000e+02
1.845000000000000000e+02
1.842500000000000000e+02
1.835000000000000000e+02
1.835000000000000000e+02
1.830000000000000000e+02
1.840000000000000000e+02
1.832500000000000000e+02
1.832500000000000000e+02
1.830000000000000000e+02
1.830000000000000000e+02
1.832500000000000000e+02
1.832500000000000000e+02
1.820000000000000000e+02
1.825000000000000000e+02
1.825000000000000000e+02
1.825000000000000000e+02
1.825000000000000000e+02
1.822500000000000000e+02
1.822500000000000000e+02
1.815000000000000000e+02
1.815000000000000000e+02
1.837500000000000000e+02
1.792500000000000000e+02
1.822500000000000000e+02
1.822500000000000000e+02
1.820000000000000000e+02
1.800000000000000000e+02
1.792500000000000000e+02
1.792500000000000000e+02
1.822500000000000000e+02
1.807500000000000000e+02
1.792500000000000000e+02
1.792500000000000000e+02
1.790000000000000000e+02
1.795000000000000000e+02
1.785000000000000000e+02
1.785000000000000000e+02
1.770000000000000000e+02
1.772500000000000000e+02
1.772500000000000000e+02
1.772500000000000000e+02
1.767500000000000000e+02
1.770000000000000000e+02
1.770000000000000000e+02
1.767500000000000000e+02
1.735000000000000000e+02
1.737500000000000000e+02
1.737500000000000000e+02
1.735000000000000000e+02
1.755000000000000000e+02
1.742500000000000000e+02
1.742500000000000000e+02
1.752500000000000000e+02
1.750000000000000000e+02
1.750000000000000000e+02
1.747500000000000000e+02
1.732500000000000000e+02
1.730000000000000000e+02
1.730000000000000000e+02
1.732500000000000000e+02
1.747500000000000000e+02
1.740000000000000000e+02
1.740000000000000000e+02
1.732500000000000000e+02
1.717500000000000000e+02
1.717500000000000000e+02
1.735000000000000000e+02
1.742500000000000000e+02
1.745000000000000000e+02
1.745000000000000000e+02
1.745000000000000000e+02
1.735000000000000000e+02
1.735000000000000000e+02
1.747500000000000000e+02
1.742500000000000000e+02
1.722500000000000000e+02
1.722500000000000000e+02
1.722500000000000000e+02
1.735000000000000000e+02
1.722500000000000000e+02
1.722500000000000000e+02
1.715000000000000000e+02
1.717500000000000000e+02
1.717500000000000000e+02
1.690000000000000000e+02
1.690000000000000000e+02
1.690000000000000000e+02
1.685000000000000000e+02
1.682500000000000000e+02
1.680000000000000000e+02
1.680000000000000000e+02
1.697500000000000000e+02
1.675000000000000000e+02
1.675000000000000000e+02
1.660000000000000000e+02
1.665000000000000000e+02
1.665000000000000000e+02
1.670000000000000000e+02
1.665000000000000000e+02
1.665000000000000000e+02
1.665000000000000000e+02
1.677500000000000000e+02
1.692500000000000000e+02
1.692500000000000000e+02
1.682500000000000000e+02
1.692500000000000000e+02
1.692500000000000000e+02
1.672500000000000000e+02
1.687500000000000000e+02
1.687500000000000000e+02
1.670000000000000000e+02
1.660000000000000000e+02
1.662500000000000000e+02
1.662500000000000000e+02
1.660000000000000000e+02
1.670000000000000000e+02
1.670000000000000000e+02
1.667500000000000000e+02
1.642500000000000000e+02
1.642500000000000000e+02
1.642500000000000000e+02
1.650000000000000000e+02
1.650000000000000000e+02
1.637500000000000000e+02
1.660000000000000000e+02
1.632500000000000000e+02
1.632500000000000000e+02
1.655000000000000000e+02
1.650000000000000000e+02
1.650000000000000000e+02
1.657500000000000000e+02
1.662500000000000000e+02
1.662500000000000000e+02
1.670000000000000000e+02
1.677500000000000000e+02
1.677500000000000000e+02
1.677500000000000000e+02
1.695000000000000000e+02
1.655000000000000000e+02
1.655000000000000000e+02
1.672500000000000000e+02
1.682500000000000000e+02
1.682500000000000000e+02
1.672500000000000000e+02
1.690000000000000000e+02
1.690000000000000000e+02
1.685000000000000000e+02
1.682500000000000000e+02
1.657500000000000000e+02
1.657500000000000000e+02
1.632500000000000000e+02
1.637500000000000000e+02
1.637500000000000000e+02
1.642500000000000000e+02
1.652500000000000000e+02
1.652500000000000000e+02
1.670000000000000000e+02
1.675000000000000000e+02
1.675000000000000000e+02
1.675000000000000000e+02
1.680000000000000000e+02
1.690000000000000000e+02
1.690000000000000000e+02
1.670000000000000000e+02
1.665000000000000000e+02
1.665000000000000000e+02
1.672500000000000000e+02
1.692500000000000000e+02
1.692500000000000000e+02
1.675000000000000000e+02
1.682500000000000000e+02
1.670000000000000000e+02
1.670000000000000000e+02
1.690000000000000000e+02
1.665000000000000000e+02
1.665000000000000000e+02
1.675000000000000000e+02
1.660000000000000000e+02
1.660000000000000000e+02
1.682500000000000000e+02
1.675000000000000000e+02
1.700000000000000000e+02
1.700000000000000000e+02
1.690000000000000000e+02
1.702500000000000000e+02
1.702500000000000000e+02
1.685000000000000000e+02
1.702500000000000000e+02
1.705000000000000000e+02
1.705000000000000000e+02
1.702500000000000000e+02
1.717500000000000000e+02
1.717500000000000000e+02
1.700000000000000000e+02
1.717500000000000000e+02
1.722500000000000000e+02
1.722500000000000000e+02
1.725000000000000000e+02
1.712500000000000000e+02
1.712500000000000000e+02
1.722500000000000000e+02
1.727500000000000000e+02
1.732500000000000000e+02
1.732500000000000000e+02
1.695000000000000000e+02
1.715000000000000000e+02
1.715000000000000000e+02
1.702500000000000000e+02
1.690000000000000000e+02
1.690000000000000000e+02
1.700000000000000000e+02
1.687500000000000000e+02
1.712500000000000000e+02
1.712500000000000000e+02
1.710000000000000000e+02
1.707500000000000000e+02
1.707500000000000000e+02
1.710000000000000000e+02
1.710000000000000000e+02
1.705000000000000000e+02
1.705000000000000000e+02
1.712500000000000000e+02
1.712500000000000000e+02
1.720000000000000000e+02
1.720000000000000000e+02
1.720000000000000000e+02
1.717500000000000000e+02
1.717500000000000000e+02
1.732500000000000000e+02
1.737500000000000000e+02
1.737500000000000000e+02
1.735000000000000000e+02
1.730000000000000000e+02
1.732500000000000000e+02
1.732500000000000000e+02
1.747500000000000000e+02
1.737500000000000000e+02
1.750000000000000000e+02
1.750000000000000000e+02
1.742500000000000000e+02
1.732500000000000000e+02
1.732500000000000000e+02
1.725000000000000000e+02
1.730000000000000000e+02
1.730000000000000000e+02
1.730000000000000000e+02
1.745000000000000000e+02
1.747500000000000000e+02
1.752500000000000000e+02
1.752500000000000000e+02
1.737500000000000000e+02
1.745000000000000000e+02
1.745000000000000000e+02
1.757500000000000000e+02
1.745000000000000000e+02
1.742500000000000000e+02
1.742500000000000000e+02
1.760000000000000000e+02
1.732500000000000000e+02
1.762500000000000000e+02
1.762500000000000000e+02
1.745000000000000000e+02
1.755000000000000000e+02
1.755000000000000000e+02
1.757500000000000000e+02
1.760000000000000000e+02
1.762500000000000000e+02
1.762500000000000000e+02
1.770000000000000000e+02
1.752500000000000000e+02
1.747500000000000000e+02
1.747500000000000000e+02
1.760000000000000000e+02
1.752500000000000000e+02
1.752500000000000000e+02
1.762500000000000000e+02
1.767500000000000000e+02
1.765000000000000000e+02
1.765000000000000000e+02
1.765000000000000000e+02
1.770000000000000000e+02
1.760000000000000000e+02
1.760000000000000000e+02
1.765000000000000000e+02
1.757500000000000000e+02
1.760000000000000000e+02
1.760000000000000000e+02
1.767500000000000000e+02
1.770000000000000000e+02
1.770000000000000000e+02
1.767500000000000000e+02
1.770000000000000000e+02
1.770000000000000000e+02
1.770000000000000000e+02
1.770000000000000000e+02
1.762500000000000000e+02
1.770000000000000000e+02
1.770000000000000000e+02
1.762500000000000000e+02
1.765000000000000000e+02
1.777500000000000000e+02
1.777500000000000000e+02
1.757500000000000000e+02
1.777500000000000000e+02
1.752500000000000000e+02
1.752500000000000000e+02
1.752500000000000000e+02
1.772500000000000000e+02
1.770000000000000000e+02
1.770000000000000000e+02
1.775000000000000000e+02
1.765000000000000000e+02
1.772500000000000000e+02
1.772500000000000000e+02
1.782500000000000000e+02
1.782500000000000000e+02
1.782500000000000000e+02
1.782500000000000000e+02
1.767500000000000000e+02
1.775000000000000000e+02
1.775000000000000000e+02
1.757500000000000000e+02
1.772500000000000000e+02
1.780000000000000000e+02
1.780000000000000000e+02
1.775000000000000000e+02
1.770000000000000000e+02
1.767500000000000000e+02
1.767500000000000000e+02
1.780000000000000000e+02
1.780000000000000000e+02
1.782500000000000000e+02
1.782500000000000000e+02
1.780000000000000000e+02
1.782500000000000000e+02
1.777500000000000000e+02
1.777500000000000000e+02
1.765000000000000000e+02
1.805000000000000000e+02
1.747500000000000000e+02
1.747500000000000000e+02
1.780000000000000000e+02
1.787500000000000000e+02
1.787500000000000000e+02
1.785000000000000000e+02
1.795000000000000000e+02
1.790000000000000000e+02
1.790000000000000000e+02
1.792500000000000000e+02
1.780000000000000000e+02
1.802500000000000000e+02
1.802500000000000000e+02
1.777500000000000000e+02
1.785000000000000000e+02
1.767500000000000000e+02
1.767500000000000000e+02
1.785000000000000000e+02
1.777500000000000000e+02
1.787500000000000000e+02
1.787500000000000000e+02
1.792500000000000000e+02
1.782500000000000000e+02
1.782500000000000000e+02
1.782500000000000000e+02
1.782500000000000000e+02
1.787500000000000000e+02
1.805000000000000000e+02
1.805000000000000000e+02
1.772500000000000000e+02
1.787500000000000000e+02
1.802500000000000000e+02
1.802500000000000000e+02
1.790000000000000000e+02
1.800000000000000000e+02
1.787500000000000000e+02
1.787500000000000000e+02
1.795000000000000000e+02
1.795000000000000000e+02
1.797500000000000000e+02
1.797500000000000000e+02
1.782500000000000000e+02
1.790000000000000000e+02
1.792500000000000000e+02
1.792500000000000000e+02
1.790000000000000000e+02
1.795000000000000000e+02
1.795000000000000000e+02
1.797500000000000000e+02
1.785000000000000000e+02
1.795000000000000000e+02
1.795000000000000000e+02
1.787500000000000000e+02
1.797500000000000000e+02
1.807500000000000000e+02
1.807500000000000000e+02
1.812500000000000000e+02
1.795000000000000000e+02
1.800000000000000000e+02
1.795000000000000000e+02
1.795000000000000000e+02
1.795000000000000000e+02
1.807500000000000000e+02
1.807500000000000000e+02
1.772500000000000000e+02
1.792500000000000000e+02
1.792500000000000000e+02
1.792500000000000000e+02
1.797500000000000000e+02
1.790000000000000000e+02
1.817500000000000000e+02
1.800000000000000000e+02
1.800000000000000000e+02
1.790000000000000000e+02
1.800000000000000000e+02
1.800000000000000000e+02
1.800000000000000000e+02
1.807500000000000000e+02
1.795000000000000000e+02
1.795000000000000000e+02
1.795000000000000000e+02
1.800000000000000000e+02
1.817500000000000000e+02
1.817500000000000000e+02
1.777500000000000000e+02
1.797500000000000000e+02
1.795000000000000000e+02
1.785000000000000000e+02
1.785000000000000000e+02
1.792500000000000000e+02
1.797500000000000000e+02
1.797500000000000000e+02
1.792500000000000000e+02
1.800000000000000000e+02
1.795000000000000000e+02
1.795000000000000000e+02
1.795000000000000000e+02
1.797500000000000000e+02
1.792500000000000000e+02
1.792500000000000000e+02
1.790000000000000000e+02
1.792500000000000000e+02
1.790000000000000000e+02
1.790000000000000000e+02
1.790000000000000000e+02
1.802500000000000000e+02
1.790000000000000000e+02
1.790000000000000000e+02
1.795000000000000000e+02
1.805000000000000000e+02
1.810000000000000000e+02
1.810000000000000000e+02
1.795000000000000000e+02
1.797500000000000000e+02
1.795000000000000000e+02
1.795000000000000000e+02
1.802500000000000000e+02
1.805000000000000000e+02
1.797500000000000000e+02
1.797500000000000000e+02
1.805000000000000000e+02
1.805000000000000000e+02
1.792500000000000000e+02
1.792500000000000000e+02
1.800000000000000000e+02
1.800000000000000000e+02
1.795000000000000000e+02
1.795000000000000000e+02
1.805000000000000000e+02
1.805000000000000000e+02
1.807500000000000000e+02
1.807500000000000000e+02
1.797500000000000000e+02
1.805000000000000000e+02
1.815000000000000000e+02
1.815000000000000000e+02
1.825000000000000000e+02
1.780000000000000000e+02
1.800000000000000000e+02
1.800000000000000000e+02
1.807500000000000000e+02
1.802500000000000000e+02
1.792500000000000000e+02
1.792500000000000000e+02
1.822500000000000000e+02
1.797500000000000000e+02
1.797500000000000000e+02
1.797500000000000000e+02
1.797500000000000000e+02
1.790000000000000000e+02
1.802500000000000000e+02
1.802500000000000000e+02
1.802500000000000000e+02
1.792500000000000000e+02
1.782500000000000000e+02
1.782500000000000000e+02
1.785000000000000000e+02
1.785000000000000000e+02
1.787500000000000000e+02
1.787500000000000000e+02
1.785000000000000000e+02
1.790000000000000000e+02
1.787500000000000000e+02
1.787500000000000000e+02
1.780000000000000000e+02
1.785000000000000000e+02
1.777500000000000000e+02
1.777500000000000000e+02
1.780000000000000000e+02
1.790000000000000000e+02
1.772500000000000000e+02
1.772500000000000000e+02
1.782500000000000000e+02
1.777500000000000000e+02
1.772500000000000000e+02
1.772500000000000000e+02
1.757500000000000000e+02
1.770000000000000000e+02
1.765000000000000000e+02
1.765000000000000000e+02
1.780000000000000000e+02
1.767500000000000000e+02
1.767500000000000000e+02
1.782500000000000000e+02
1.765000000000000000e+02
1.780000000000000000e+02
1.780000000000000000e+02
1.767500000000000000e+02
1.780000000000000000e+02
1.760000000000000000e+02
1.760000000000000000e+02
1.780000000000000000e+02
1.775000000000000000e+02
1.777500000000000000e+02
1.777500000000000000e+02
1.782500000000000000e+02
1.785000000000000000e+02
1.785000000000000000e+02
1.785000000000000000e+02
1.775000000000000000e+02
1.772500000000000000e+02
1.772500000000000000e+02
1.767500000000000000e+02
1.800000000000000000e+02
1.750000000000000000e+02
1.750000000000000000e+02
1.777500000000000000e+02
1.757500000000000000e+02
1.757500000000000000e+02
1.757500000000000000e+02
1.740000000000000000e+02
1.745000000000000000e+02
1.740000000000000000e+02
1.740000000000000000e+02
1.732500000000000000e+02
1.752500000000000000e+02
1.752500000000000000e+02
1.752500000000000000e+02
1.752500000000000000e+02
1.745000000000000000e+02
1.745000000000000000e+02
1.742500000000000000e+02
1.755000000000000000e+02
1.755000000000000000e+02
1.755000000000000000e+02
1.755000000000000000e+02
1.747500000000000000e+02
1.747500000000000000e+02
1.755000000000000000e+02
1.762500000000000000e+02
1.752500000000000000e+02
1.752500000000000000e+02
1.765000000000000000e+02
1.750000000000000000e+02
1.755000000000000000e+02
1.755000000000000000e+02
1.760000000000000000e+02
1.750000000000000000e+02
1.735000000000000000e+02
1.735000000000000000e+02
1.737500000000000000e+02
1.750000000000000000e+02
1.750000000000000000e+02
1.750000000000000000e+02
1.742500000000000000e+02
1.752500000000000000e+02
1.752500000000000000e+02
1.750000000000000000e+02
1.740000000000000000e+02
1.742500000000000000e+02
1.742500000000000000e+02
1.740000000000000000e+02
1.750000000000000000e+02
1.750000000000000000e+02
1.770000000000000000e+02
1.710000000000000000e+02
1.737500000000000000e+02
1.737500000000000000e+02
1.722500000000000000e+02
1.727500000000000000e+02
1.727500000000000000e+02
1.720000000000000000e+02
1.707500000000000000e+02
1.702500000000000000e+02
1.702500000000000000e+02
1.702500000000000000e+02
1.715000000000000000e+02
1.715000000000000000e+02
1.705000000000000000e+02
1.687500000000000000e+02
1.702500000000000000e+02
1.702500000000000000e+02
1.700000000000000000e+02
1.710000000000000000e+02
1.710000000000000000e+02
1.715000000000000000e+02
1.722500000000000000e+02
1.707500000000000000e+02
1.707500000000000000e+02
1.722500000000000000e+02
1.717500000000000000e+02
1.717500000000000000e+02
1.730000000000000000e+02
1.732500000000000000e+02
1.722500000000000000e+02
1.722500000000000000e+02
1.720000000000000000e+02
1.722500000000000000e+02
1.722500000000000000e+02
1.712500000000000000e+02
1.647500000000000000e+02
1.662500000000000000e+02
1.662500000000000000e+02
1.662500000000000000e+02
1.637500000000000000e+02
1.637500000000000000e+02
1.645000000000000000e+02
1.657500000000000000e+02
1.657500000000000000e+02
1.667500000000000000e+02
1.657500000000000000e+02
1.657500000000000000e+02
1.652500000000000000e+02
1.662500000000000000e+02
1.665000000000000000e+02
1.665000000000000000e+02
1.670000000000000000e+02
1.685000000000000000e+02
1.685000000000000000e+02
1.652500000000000000e+02
1.660000000000000000e+02
1.660000000000000000e+02
1.667500000000000000e+02
1.660000000000000000e+02
1.660000000000000000e+02
1.670000000000000000e+02
1.675000000000000000e+02
1.675000000000000000e+02
1.655000000000000000e+02
1.655000000000000000e+02
1.632500000000000000e+02
1.632500000000000000e+02
1.632500000000000000e+02
1.617500000000000000e+02
1.617500000000000000e+02
1.620000000000000000e+02
1.642500000000000000e+02
1.642500000000000000e+02
1.632500000000000000e+02
1.640000000000000000e+02
1.640000000000000000e+02
1.660000000000000000e+02
1.620000000000000000e+02
1.620000000000000000e+02
1.645000000000000000e+02
1.645000000000000000e+02
1.645000000000000000e+02
1.642500000000000000e+02
1.640000000000000000e+02
1.647500000000000000e+02
1.647500000000000000e+02
1.640000000000000000e+02
1.647500000000000000e+02
1.647500000000000000e+02
1.655000000000000000e+02
1.655000000000000000e+02
1.655000000000000000e+02
1.645000000000000000e+02
1.637500000000000000e+02
1.637500000000000000e+02
1.642500000000000000e+02
1.632500000000000000e+02
1.632500000000000000e+02
1.637500000000000000e+02
1.650000000000000000e+02
1.650000000000000000e+02
1.650000000000000000e+02
1.657500000000000000e+02
1.632500000000000000e+02
1.632500000000000000e+02
1.625000000000000000e+02
1.572500000000000000e+02
1.572500000000000000e+02
1.600000000000000000e+02
1.600000000000000000e+02
1.600000000000000000e+02
1.607500000000000000e+02
1.625000000000000000e+02
1.625000000000000000e+02
1.635000000000000000e+02
1.665000000000000000e+02
1.665000000000000000e+02
1.647500000000000000e+02
1.662500000000000000e+02
1.662500000000000000e+02
1.662500000000000000e+02
1.677500000000000000e+02
1.677500000000000000e+02
1.682500000000000000e+02
1.670000000000000000e+02
1.677500000000000000e+02
1.677500000000000000e+02
1.687500000000000000e+02
1.697500000000000000e+02
1.697500000000000000e+02
1.680000000000000000e+02
1.685000000000000000e+02
1.685000000000000000e+02
1.680000000000000000e+02
1.695000000000000000e+02
1.682500000000000000e+02
1.682500000000000000e+02
1.687500000000000000e+02
1.685000000000000000e+02
1.685000000000000000e+02
1.682500000000000000e+02
1.672500000000000000e+02
1.690000000000000000e+02
1.690000000000000000e+02
1.682500000000000000e+02
1.682500000000000000e+02
1.682500000000000000e+02
1.675000000000000000e+02
1.675000000000000000e+02
1.675000000000000000e+02
1.677500000000000000e+02
1.687500000000000000e+02
1.707500000000000000e+02
1.707500000000000000e+02
1.630000000000000000e+02
1.677500000000000000e+02
1.677500000000000000e+02
1.675000000000000000e+02
1.682500000000000000e+02
1.682500000000000000e+02
1.685000000000000000e+02
1.692500000000000000e+02
1.687500000000000000e+02
1.687500000000000000e+02
1.692500000000000000e+02
1.705000000000000000e+02
1.705000000000000000e+02
1.705000000000000000e+02
1.697500000000000000e+02
1.697500000000000000e+02
1.700000000000000000e+02
1.692500000000000000e+02
1.682500000000000000e+02
1.682500000000000000e+02
1.700000000000000000e+02
1.680000000000000000e+02
1.680000000000000000e+02
1.692500000000000000e+02
1.687500000000000000e+02
1.695000000000000000e+02
1.695000000000000000e+02
1.687500000000000000e+02
1.705000000000000000e+02
1.705000000000000000e+02
1.712500000000000000e+02
1.707500000000000000e+02
1.707500000000000000e+02
1.712500000000000000e+02
1.692500000000000000e+02
1.710000000000000000e+02
1.710000000000000000e+02
1.695000000000000000e+02
1.690000000000000000e+02
1.690000000000000000e+02
1.697500000000000000e+02
1.667500000000000000e+02
1.667500000000000000e+02
1.672500000000000000e+02
1.677500000000000000e+02
1.685000000000000000e+02
1.685000000000000000e+02
1.667500000000000000e+02
1.650000000000000000e+02
1.650000000000000000e+02
1.662500000000000000e+02
1.665000000000000000e+02
1.665000000000000000e+02
1.667500000000000000e+02
1.662500000000000000e+02
1.677500000000000000e+02
1.677500000000000000e+02
1.682500000000000000e+02
1.687500000000000000e+02
1.687500000000000000e+02
1.667500000000000000e+02
1.680000000000000000e+02
1.687500000000000000e+02
1.687500000000000000e+02
1.702500000000000000e+02
1.700000000000000000e+02
1.700000000000000000e+02
1.700000000000000000e+02
1.680000000000000000e+02
1.680000000000000000e+02
1.712500000000000000e+02
1.710000000000000000e+02
1.712500000000000000e+02
1.712500000000000000e+02
1.725000000000000000e+02
1.735000000000000000e+02
1.735000000000000000e+02
1.730000000000000000e+02
1.732500000000000000e+02
1.740000000000000000e+02
1.740000000000000000e+02
1.750000000000000000e+02
1.732500000000000000e+02
1.750000000000000000e+02
1.750000000000000000e+02
1.742500000000000000e+02
1.750000000000000000e+02
1.750000000000000000e+02
1.747500000000000000e+02
1.732500000000000000e+02
1.737500000000000000e+02
1.737500000000000000e+02
1.747500000000000000e+02
1.750000000000000000e+02
1.742500000000000000e+02
1.742500000000000000e+02
1.762500000000000000e+02
1.745000000000000000e+02
1.745000000000000000e+02
1.785000000000000000e+02
1.732500000000000000e+02
1.767500000000000000e+02
1.767500000000000000e+02
1.750000000000000000e+02
1.765000000000000000e+02
1.772500000000000000e+02
1.772500000000000000e+02
1.762500000000000000e+02
1.767500000000000000e+02
1.760000000000000000e+02
1.760000000000000000e+02
1.760000000000000000e+02
1.752500000000000000e+02
1.752500000000000000e+02
1.770000000000000000e+02
1.800000000000000000e+02
1.745000000000000000e+02
1.745000000000000000e+02
1.780000000000000000e+02
1.765000000000000000e+02
1.770000000000000000e+02
1.770000000000000000e+02
1.780000000000000000e+02
1.780000000000000000e+02
1.782500000000000000e+02
1.782500000000000000e+02
1.787500000000000000e+02
1.785000000000000000e+02
1.770000000000000000e+02
1.770000000000000000e+02
1.782500000000000000e+02
1.790000000000000000e+02
1.782500000000000000e+02
1.782500000000000000e+02
1.787500000000000000e+02
1.797500000000000000e+02
1.797500000000000000e+02
1.797500000000000000e+02
1.790000000000000000e+02
1.795000000000000000e+02
1.770000000000000000e+02
1.770000000000000000e+02
1.787500000000000000e+02
1.787500000000000000e+02
1.787500000000000000e+02
1.785000000000000000e+02
1.790000000000000000e+02
1.782500000000000000e+02
1.782500000000000000e+02
1.795000000000000000e+02
1.790000000000000000e+02
1.795000000000000000e+02
1.797500000000000000e+02
1.797500000000000000e+02
1.802500000000000000e+02
1.795000000000000000e+02
1.795000000000000000e+02
1.812500000000000000e+02
1.802500000000000000e+02
1.810000000000000000e+02
1.810000000000000000e+02
1.790000000000000000e+02
1.820000000000000000e+02
1.800000000000000000e+02
1.800000000000000000e+02
1.815000000000000000e+02
1.802500000000000000e+02
1.807500000000000000e+02
1.802500000000000000e+02
1.802500000000000000e+02
1.800000000000000000e+02
1.812500000000000000e+02
1.795000000000000000e+02
1.795000000000000000e+02
1.810000000000000000e+02
1.807500000000000000e+02
1.810000000000000000e+02
1.810000000000000000e+02
1.810000000000000000e+02
1.817500000000000000e+02
1.817500000000000000e+02
1.815000000000000000e+02
1.807500000000000000e+02
1.812500000000000000e+02
1.812500000000000000e+02
1.812500000000000000e+02
1.827500000000000000e+02
1.812500000000000000e+02
1.822500000000000000e+02
1.822500000000000000e+02
1.822500000000000000e+02
1.830000000000000000e+02
1.825000000000000000e+02
1.825000000000000000e+02
1.830000000000000000e+02
1.822500000000000000e+02
1.825000000000000000e+02
1.825000000000000000e+02
1.825000000000000000e+02
1.830000000000000000e+02
1.805000000000000000e+02
1.837500000000000000e+02
1.837500000000000000e+02
1.827500000000000000e+02
1.832500000000000000e+02
1.827500000000000000e+02
1.827500000000000000e+02
1.840000000000000000e+02
1.815000000000000000e+02
1.825000000000000000e+02
1.825000000000000000e+02
1.830000000000000000e+02
1.827500000000000000e+02
1.815000000000000000e+02
1.815000000000000000e+02
1.842500000000000000e+02
1.832500000000000000e+02
1.820000000000000000e+02
1.820000000000000000e+02
1.827500000000000000e+02
1.825000000000000000e+02
1.832500000000000000e+02
1.832500000000000000e+02
1.832500000000000000e+02
1.835000000000000000e+02
1.835000000000000000e+02
1.832500000000000000e+02
1.832500000000000000e+02
1.832500000000000000e+02
1.837500000000000000e+02
1.830000000000000000e+02
1.830000000000000000e+02
1.830000000000000000e+02
1.835000000000000000e+02
1.835000000000000000e+02
1.835000000000000000e+02
1.850000000000000000e+02
1.820000000000000000e+02
1.840000000000000000e+02
1.840000000000000000e+02
1.842500000000000000e+02
1.840000000000000000e+02
1.832500000000000000e+02
1.842500000000000000e+02
1.842500000000000000e+02
1.842500000000000000e+02
1.842500000000000000e+02
1.845000000000000000e+02
1.845000000000000000e+02
1.840000000000000000e+02
1.842500000000000000e+02
1.845000000000000000e+02
1.845000000000000000e+02
1.842500000000000000e+02
1.842500000000000000e+02
1.842500000000000000e+02
1.842500000000000000e+02
1.850000000000000000e+02
1.842500000000000000e+02
1.840000000000000000e+02
1.847500000000000000e+02
1.847500000000000000e+02
1.852500000000000000e+02
1.830000000000000000e+02
1.832500000000000000e+02
1.832500000000000000e+02
1.842500000000000000e+02
1.837500000000000000e+02
1.840000000000000000e+02
1.825000000000000000e+02
1.825000000000000000e+02
1.840000000000000000e+02
1.840000000000000000e+02
1.847500000000000000e+02
1.847500000000000000e+02
1.857500000000000000e+02
1.817500000000000000e+02
1.840000000000000000e+02
1.840000000000000000e+02
1.837500000000000000e+02
1.840000000000000000e+02
1.847500000000000000e+02
1.847500000000000000e+02
1.842500000000000000e+02
1.877500000000000000e+02
1.812500000000000000e+02
1.840000000000000000e+02
1.840000000000000000e+02
1.825000000000000000e+02
1.825000000000000000e+02
1.840000000000000000e+02
1.840000000000000000e+02
1.817500000000000000e+02
1.830000000000000000e+02
1.830000000000000000e+02
1.830000000000000000e+02
1.827500000000000000e+02
1.837500000000000000e+02
1.822500000000000000e+02
1.822500000000000000e+02
1.827500000000000000e+02
1.832500000000000000e+02
1.830000000000000000e+02
1.830000000000000000e+02
1.810000000000000000e+02
1.822500000000000000e+02
1.807500000000000000e+02
1.822500000000000000e+02
1.822500000000000000e+02
1.822500000000000000e+02
1.822500000000000000e+02
1.822500000000000000e+02
1.822500000000000000e+02
1.822500000000000000e+02
1.825000000000000000e+02
1.820000000000000000e+02
1.820000000000000000e+02
1.835000000000000000e+02
1.822500000000000000e+02
1.827500000000000000e+02
1.827500000000000000e+02
1.825000000000000000e+02
1.832500000000000000e+02
1.832500000000000000e+02
1.832500000000000000e+02
1.827500000000000000e+02
1.835000000000000000e+02
1.830000000000000000e+02
1.830000000000000000e+02
1.830000000000000000e+02
1.827500000000000000e+02
1.830000000000000000e+02
1.827500000000000000e+02
1.827500000000000000e+02
1.817500000000000000e+02
1.817500000000000000e+02
1.807500000000000000e+02
1.807500000000000000e+02
1.830000000000000000e+02
1.817500000000000000e+02
1.815000000000000000e+02
1.815000000000000000e+02
1.812500000000000000e+02
1.817500000000000000e+02
1.815000000000000000e+02
1.815000000000000000e+02
1.815000000000000000e+02
1.835000000000000000e+02
1.812500000000000000e+02
1.812500000000000000e+02
1.815000000000000000e+02
1.812500000000000000e+02
1.815000000000000000e+02
1.815000000000000000e+02
1.815000000000000000e+02
1.805000000000000000e+02
1.807500000000000000e+02
1.807500000000000000e+02
1.800000000000000000e+02
1.802500000000000000e+02
1.805000000000000000e+02
1.805000000000000000e+02
1.805000000000000000e+02
1.782500000000000000e+02
1.792500000000000000e+02
1.792500000000000000e+02
1.782500000000000000e+02
1.792500000000000000e+02
1.790000000000000000e+02
1.790000000000000000e+02
1.790000000000000000e+02
1.782500000000000000e+02
1.790000000000000000e+02
1.790000000000000000e+02
1.787500000000000000e+02
1.785000000000000000e+02
1.772500000000000000e+02
1.772500000000000000e+02
1.782500000000000000e+02
1.772500000000000000e+02
1.775000000000000000e+02
1.775000000000000000e+02
1.760000000000000000e+02
1.765000000000000000e+02
1.757500000000000000e+02
1.757500000000000000e+02
1.750000000000000000e+02
1.757500000000000000e+02
1.757500000000000000e+02
1.770000000000000000e+02
1.757500000000000000e+02
1.770000000000000000e+02
1.770000000000000000e+02
1.757500000000000000e+02
1.767500000000000000e+02
1.747500000000000000e+02
1.747500000000000000e+02
1.750000000000000000e+02
1.745000000000000000e+02
1.745000000000000000e+02
1.750000000000000000e+02
1.755000000000000000e+02
1.762500000000000000e+02
1.762500000000000000e+02
1.760000000000000000e+02
1.757500000000000000e+02
1.752500000000000000e+02
1.752500000000000000e+02
1.760000000000000000e+02
1.740000000000000000e+02
1.745000000000000000e+02
1.745000000000000000e+02
1.752500000000000000e+02
1.750000000000000000e+02
1.750000000000000000e+02
1.740000000000000000e+02
1.747500000000000000e+02
1.745000000000000000e+02
1.745000000000000000e+02
1.742500000000000000e+02
1.747500000000000000e+02
1.747500000000000000e+02
1.750000000000000000e+02
1.747500000000000000e+02
1.735000000000000000e+02
1.735000000000000000e+02
1.742500000000000000e+02
1.740000000000000000e+02
1.730000000000000000e+02
1.730000000000000000e+02
1.747500000000000000e+02
1.737500000000000000e+02
1.737500000000000000e+02
1.725000000000000000e+02
1.712500000000000000e+02
1.720000000000000000e+02
1.720000000000000000e+02
1.697500000000000000e+02
1.690000000000000000e+02
1.690000000000000000e+02
1.702500000000000000e+02
1.705000000000000000e+02
1.720000000000000000e+02
1.720000000000000000e+02
1.690000000000000000e+02
1.710000000000000000e+02
1.710000000000000000e+02
1.667500000000000000e+02
1.675000000000000000e+02
1.687500000000000000e+02
1.687500000000000000e+02
1.700000000000000000e+02
1.695000000000000000e+02
1.695000000000000000e+02
1.705000000000000000e+02
1.702500000000000000e+02
1.715000000000000000e+02
1.715000000000000000e+02
1.710000000000000000e+02
1.710000000000000000e+02
1.710000000000000000e+02
1.712500000000000000e+02
1.712500000000000000e+02
1.712500000000000000e+02
1.717500000000000000e+02
1.705000000000000000e+02
1.715000000000000000e+02
1.715000000000000000e+02
1.702500000000000000e+02
1.712500000000000000e+02
1.712500000000000000e+02
1.690000000000000000e+02
1.725000000000000000e+02
1.712500000000000000e+02
1.712500000000000000e+02
1.702500000000000000e+02
1.715000000000000000e+02
1.715000000000000000e+02
1.712500000000000000e+02
1.705000000000000000e+02
1.707500000000000000e+02
1.707500000000000000e+02
1.687500000000000000e+02
1.690000000000000000e+02
1.690000000000000000e+02
1.687500000000000000e+02
1.682500000000000000e+02
1.682500000000000000e+02
1.707500000000000000e+02
1.672500000000000000e+02
1.700000000000000000e+02
1.700000000000000000e+02
1.697500000000000000e+02
1.710000000000000000e+02
1.702500000000000000e+02
1.702500000000000000e+02
1.705000000000000000e+02
1.712500000000000000e+02
1.712500000000000000e+02
1.707500000000000000e+02
1.690000000000000000e+02
1.690000000000000000e+02
1.695000000000000000e+02
1.692500000000000000e+02
1.690000000000000000e+02
1.690000000000000000e+02
1.687500000000000000e+02
1.697500000000000000e+02
1.697500000000000000e+02
1.707500000000000000e+02
1.712500000000000000e+02
1.712500000000000000e+02
1.705000000000000000e+02
1.705000000000000000e+02
1.710000000000000000e+02
1.710000000000000000e+02
1.697500000000000000e+02
1.707500000000000000e+02
1.707500000000000000e+02
1.680000000000000000e+02
1.697500000000000000e+02
1.692500000000000000e+02
1.692500000000000000e+02
1.707500000000000000e+02
1.707500000000000000e+02
1.707500000000000000e+02
1.707500000000000000e+02
1.717500000000000000e+02
1.717500000000000000e+02
1.717500000000000000e+02
1.697500000000000000e+02
1.702500000000000000e+02
1.702500000000000000e+02
1.715000000000000000e+02
1.710000000000000000e+02
1.715000000000000000e+02
1.715000000000000000e+02
1.710000000000000000e+02
1.710000000000000000e+02
1.710000000000000000e+02
1.712500000000000000e+02
1.707500000000000000e+02
1.715000000000000000e+02
1.715000000000000000e+02
1.715000000000000000e+02
1.715000000000000000e+02
1.715000000000000000e+02
1.702500000000000000e+02
1.722500000000000000e+02
1.700000000000000000e+02
1.700000000000000000e+02
1.707500000000000000e+02
1.715000000000000000e+02
1.715000000000000000e+02
1.707500000000000000e+02
1.695000000000000000e+02
1.685000000000000000e+02
1.685000000000000000e+02
1.705000000000000000e+02
1.695000000000000000e+02
1.695000000000000000e+02
1.707500000000000000e+02
1.700000000000000000e+02
1.680000000000000000e+02
1.680000000000000000e+02
1.717500000000000000e+02
1.687500000000000000e+02
1.687500000000000000e+02
1.695000000000000000e+02
1.692500000000000000e+02
1.692500000000000000e+02
1.707500000000000000e+02
1.720000000000000000e+02
1.715000000000000000e+02
1.715000000000000000e+02
1.705000000000000000e+02
1.710000000000000000e+02
1.710000000000000000e+02
1.715000000000000000e+02
1.712500000000000000e+02
1.712500000000000000e+02
1.710000000000000000e+02
1.687500000000000000e+02
1.715000000000000000e+02
1.715000000000000000e+02
1.685000000000000000e+02
1.700000000000000000e+02
1.707500000000000000e+02
1.707500000000000000e+02
1.712500000000000000e+02
1.720000000000000000e+02
1.720000000000000000e+02
1.722500000000000000e+02
1.720000000000000000e+02
1.717500000000000000e+02
1.717500000000000000e+02
1.732500000000000000e+02
1.712500000000000000e+02
1.712500000000000000e+02
1.722500000000000000e+02
1.717500000000000000e+02
1.712500000000000000e+02
1.712500000000000000e+02
1.720000000000000000e+02
1.720000000000000000e+02
1.720000000000000000e+02
1.722500000000000000e+02
1.737500000000000000e+02
1.677500000000000000e+02
1.677500000000000000e+02
1.710000000000000000e+02
1.707500000000000000e+02
1.707500000000000000e+02
1.702500000000000000e+02
1.715000000000000000e+02
1.702500000000000000e+02
1.702500000000000000e+02
1.675000000000000000e+02
1.692500000000000000e+02
1.692500000000000000e+02
1.670000000000000000e+02
1.700000000000000000e+02
1.702500000000000000e+02
1.702500000000000000e+02
1.710000000000000000e+02
1.707500000000000000e+02
1.707500000000000000e+02
1.717500000000000000e+02
1.710000000000000000e+02
1.710000000000000000e+02
1.700000000000000000e+02
1.707500000000000000e+02
1.705000000000000000e+02
1.705000000000000000e+02
1.712500000000000000e+02
1.705000000000000000e+02
1.705000000000000000e+02
1.717500000000000000e+02
1.697500000000000000e+02
1.712500000000000000e+02
1.712500000000000000e+02
1.737500000000000000e+02
1.715000000000000000e+02
1.715000000000000000e+02
1.730000000000000000e+02
1.720000000000000000e+02
1.750000000000000000e+02
1.750000000000000000e+02
1.710000000000000000e+02
1.730000000000000000e+02
1.730000000000000000e+02
1.737500000000000000e+02
1.735000000000000000e+02
1.730000000000000000e+02
1.730000000000000000e+02
1.725000000000000000e+02
1.732500000000000000e+02
1.730000000000000000e+02
1.730000000000000000e+02
1.725000000000000000e+02
1.717500000000000000e+02
1.717500000000000000e+02
1.697500000000000000e+02
1.755000000000000000e+02
1.710000000000000000e+02
1.710000000000000000e+02
1.735000000000000000e+02
1.732500000000000000e+02
1.732500000000000000e+02
1.717500000000000000e+02
1.732500000000000000e+02
1.717500000000000000e+02
1.717500000000000000e+02
1.735000000000000000e+02
1.727500000000000000e+02
1.725000000000000000e+02
1.725000000000000000e+02
1.735000000000000000e+02
1.730000000000000000e+02
1.730000000000000000e+02
1.732500000000000000e+02
1.740000000000000000e+02
1.735000000000000000e+02
1.735000000000000000e+02
1.737500000000000000e+02
1.742500000000000000e+02
1.745000000000000000e+02
1.745000000000000000e+02
1.742500000000000000e+02
1.725000000000000000e+02
1.725000000000000000e+02
1.752500000000000000e+02
1.750000000000000000e+02
1.752500000000000000e+02
1.752500000000000000e+02
1.750000000000000000e+02
1.755000000000000000e+02
1.755000000000000000e+02
1.742500000000000000e+02
1.760000000000000000e+02
1.750000000000000000e+02
1.750000000000000000e+02
1.762500000000000000e+02
1.732500000000000000e+02
1.752500000000000000e+02
1.752500000000000000e+02
1.772500000000000000e+02
1.725000000000000000e+02
1.725000000000000000e+02
1.742500000000000000e+02
1.745000000000000000e+02
1.750000000000000000e+02
1.750000000000000000e+02
1.755000000000000000e+02
1.745000000000000000e+02
1.745000000000000000e+02
1.745000000000000000e+02
1.745000000000000000e+02
1.755000000000000000e+02
1.750000000000000000e+02
1.750000000000000000e+02
1.760000000000000000e+02
1.765000000000000000e+02
1.765000000000000000e+02
1.765000000000000000e+02
1.772500000000000000e+02
1.765000000000000000e+02
1.765000000000000000e+02
1.760000000000000000e+02
1.767500000000000000e+02
1.765000000000000000e+02
1.765000000000000000e+02
1.772500000000000000e+02
1.772500000000000000e+02
1.772500000000000000e+02
1.772500000000000000e+02
1.770000000000000000e+02
1.765000000000000000e+02
1.765000000000000000e+02
1.772500000000000000e+02
1.770000000000000000e+02
1.770000000000000000e+02
1.770000000000000000e+02
1.757500000000000000e+02
1.770000000000000000e+02
1.775000000000000000e+02
1.775000000000000000e+02
1.785000000000000000e+02
1.782500000000000000e+02
1.785000000000000000e+02
1.785000000000000000e+02
1.782500000000000000e+02
1.777500000000000000e+02
1.785000000000000000e+02
1.785000000000000000e+02
1.787500000000000000e+02
1.770000000000000000e+02
1.792500000000000000e+02
1.792500000000000000e+02
1.782500000000000000e+02
1.782500000000000000e+02
1.785000000000000000e+02
1.785000000000000000e+02
1.792500000000000000e+02
1.790000000000000000e+02
1.785000000000000000e+02
1.785000000000000000e+02
1.787500000000000000e+02
1.797500000000000000e+02
1.797500000000000000e+02
1.790000000000000000e+02
1.797500000000000000e+02
1.785000000000000000e+02
1.785000000000000000e+02
1.782500000000000000e+02
1.792500000000000000e+02
1.795000000000000000e+02
1.795000000000000000e+02
1.800000000000000000e+02
1.790000000000000000e+02
1.795000000000000000e+02
1.800000000000000000e+02
1.800000000000000000e+02
1.800000000000000000e+02
1.810000000000000000e+02
1.807500000000000000e+02
1.807500000000000000e+02
1.805000000000000000e+02
1.807500000000000000e+02
1.807500000000000000e+02
1.807500000000000000e+02
1.815000000000000000e+02
1.800000000000000000e+02
1.805000000000000000e+02
1.805000000000000000e+02
1.807500000000000000e+02
1.790000000000000000e+02
1.790000000000000000e+02
1.805000000000000000e+02
1.810000000000000000e+02
1.797500000000000000e+02
1.797500000000000000e+02
1.842500000000000000e+02
1.775000000000000000e+02
1.807500000000000000e+02
1.807500000000000000e+02
1.805000000000000000e+02
1.805000000000000000e+02
1.812500000000000000e+02
1.810000000000000000e+02
1.810000000000000000e+02
1.805000000000000000e+02
1.810000000000000000e+02
1.810000000000000000e+02
1.810000000000000000e+02
1.817500000000000000e+02
1.817500000000000000e+02
1.817500000000000000e+02
1.817500000000000000e+02
1.812500000000000000e+02
1.817500000000000000e+02
1.817500000000000000e+02
1.850000000000000000e+02
1.790000000000000000e+02
1.815000000000000000e+02
1.820000000000000000e+02
1.820000000000000000e+02
1.817500000000000000e+02
1.827500000000000000e+02
1.825000000000000000e+02
1.825000000000000000e+02
1.817500000000000000e+02
1.820000000000000000e+02
1.822500000000000000e+02
1.822500000000000000e+02
1.825000000000000000e+02
1.815000000000000000e+02
1.820000000000000000e+02
1.820000000000000000e+02
1.812500000000000000e+02
1.825000000000000000e+02
1.825000000000000000e+02
1.825000000000000000e+02
1.815000000000000000e+02
1.825000000000000000e+02
1.815000000000000000e+02
1.827500000000000000e+02
1.827500000000000000e+02
1.825000000000000000e+02
1.817500000000000000e+02
1.822500000000000000e+02
1.822500000000000000e+02
1.855000000000000000e+02
1.792500000000000000e+02
1.830000000000000000e+02
1.830000000000000000e+02
1.832500000000000000e+02
1.835000000000000000e+02
1.830000000000000000e+02
1.830000000000000000e+02
1.837500000000000000e+02
1.835000000000000000e+02
1.827500000000000000e+02
1.827500000000000000e+02
1.837500000000000000e+02
1.830000000000000000e+02
1.837500000000000000e+02
1.835000000000000000e+02
1.835000000000000000e+02
1.835000000000000000e+02
1.815000000000000000e+02
1.842500000000000000e+02
1.842500000000000000e+02
1.825000000000000000e+02
1.835000000000000000e+02
1.827500000000000000e+02
1.835000000000000000e+02
1.835000000000000000e+02
1.830000000000000000e+02
1.827500000000000000e+02
1.827500000000000000e+02
1.827500000000000000e+02
1.830000000000000000e+02
1.835000000000000000e+02
1.835000000000000000e+02
1.837500000000000000e+02
1.820000000000000000e+02
1.837500000000000000e+02
1.830000000000000000e+02
1.830000000000000000e+02
1.837500000000000000e+02
1.837500000000000000e+02
1.840000000000000000e+02
1.840000000000000000e+02
1.840000000000000000e+02
1.847500000000000000e+02
1.842500000000000000e+02
1.842500000000000000e+02
1.837500000000000000e+02
1.837500000000000000e+02
1.837500000000000000e+02
1.837500000000000000e+02
1.840000000000000000e+02
1.837500000000000000e+02
1.842500000000000000e+02
1.840000000000000000e+02
1.840000000000000000e+02
1.837500000000000000e+02
1.847500000000000000e+02
1.827500000000000000e+02
1.840000000000000000e+02
1.840000000000000000e+02
1.845000000000000000e+02
1.835000000000000000e+02
1.842500000000000000e+02
1.842500000000000000e+02
1.835000000000000000e+02
1.842500000000000000e+02
1.837500000000000000e+02
1.837500000000000000e+02
1.862500000000000000e+02
1.820000000000000000e+02
1.837500000000000000e+02
1.837500000000000000e+02
1.837500000000000000e+02
1.840000000000000000e+02
1.847500000000000000e+02
1.847500000000000000e+02
1.840000000000000000e+02
1.830000000000000000e+02
1.852500000000000000e+02
1.840000000000000000e+02
1.840000000000000000e+02
1.850000000000000000e+02
1.850000000000000000e+02
1.850000000000000000e+02
1.850000000000000000e+02
1.842500000000000000e+02
1.845000000000000000e+02
1.842500000000000000e+02
1.842500000000000000e+02
1.840000000000000000e+02
1.815000000000000000e+02
1.835000000000000000e+02
1.835000000000000000e+02
1.835000000000000000e+02
1.837500000000000000e+02
1.840000000000000000e+02
1.840000000000000000e+02
1.840000000000000000e+02
1.872500000000000000e+02
1.815000000000000000e+02
1.840000000000000000e+02
1.840000000000000000e+02
1.835000000000000000e+02
1.840000000000000000e+02
1.822500000000000000e+02
1.822500000000000000e+02
1.837500000000000000e+02
1.827500000000000000e+02
1.817500000000000000e+02
1.817500000000000000e+02
1.825000000000000000e+02
1.830000000000000000e+02
1.825000000000000000e+02
1.822500000000000000e+02
1.822500000000000000e+02
1.817500000000000000e+02
1.840000000000000000e+02
1.830000000000000000e+02
1.830000000000000000e+02
1.815000000000000000e+02
1.812500000000000000e+02
1.812500000000000000e+02
1.820000000000000000e+02
1.820000000000000000e+02
1.820000000000000000e+02
1.815000000000000000e+02
1.812500000000000000e+02
1.812500000000000000e+02
1.815000000000000000e+02
1.820000000000000000e+02
1.820000000000000000e+02
1.807500000000000000e+02
1.822500000000000000e+02
1.815000000000000000e+02
1.815000000000000000e+02
1.817500000000000000e+02
1.820000000000000000e+02
1.800000000000000000e+02
1.800000000000000000e+02
1.837500000000000000e+02
1.815000000000000000e+02
1.817500000000000000e+02
1.820000000000000000e+02
1.820000000000000000e+02
1.815000000000000000e+02
1.817500000000000000e+02
1.817500000000000000e+02
1.817500000000000000e+02
1.802500000000000000e+02
1.825000000000000000e+02
1.817500000000000000e+02
1.817500000000000000e+02
1.820000000000000000e+02
1.825000000000000000e+02
1.827500000000000000e+02
1.827500000000000000e+02
1.830000000000000000e+02
1.820000000000000000e+02
1.827500000000000000e+02
1.827500000000000000e+02
1.827500000000000000e+02
1.832500000000000000e+02
1.825000000000000000e+02
1.825000000000000000e+02
1.827500000000000000e+02
1.827500000000000000e+02
1.825000000000000000e+02
1.825000000000000000e+02
1.825000000000000000e+02
1.807500000000000000e+02
1.820000000000000000e+02
1.820000000000000000e+02
1.812500000000000000e+02
1.805000000000000000e+02
1.822500000000000000e+02
1.780000000000000000e+02
1.780000000000000000e+02
1.800000000000000000e+02
1.817500000000000000e+02
1.792500000000000000e+02
1.792500000000000000e+02
1.810000000000000000e+02
1.805000000000000000e+02
1.802500000000000000e+02
1.802500000000000000e+02
1.805000000000000000e+02
1.805000000000000000e+02
1.800000000000000000e+02
1.800000000000000000e+02
1.805000000000000000e+02
1.802500000000000000e+02
1.805000000000000000e+02
1.805000000000000000e+02
1.787500000000000000e+02
1.802500000000000000e+02
1.797500000000000000e+02
1.797500000000000000e+02
1.795000000000000000e+02
1.790000000000000000e+02
1.792500000000000000e+02
1.792500000000000000e+02
1.800000000000000000e+02
1.795000000000000000e+02
1.795000000000000000e+02
1.792500000000000000e+02
1.795000000000000000e+02
1.767500000000000000e+02
1.767500000000000000e+02
1.767500000000000000e+02
1.762500000000000000e+02
1.757500000000000000e+02
1.757500000000000000e+02
1.750000000000000000e+02
1.750000000000000000e+02
1.757500000000000000e+02
1.757500000000000000e+02
1.757500000000000000e+02
1.747500000000000000e+02
1.770000000000000000e+02
1.770000000000000000e+02
1.722500000000000000e+02
1.752500000000000000e+02
1.747500000000000000e+02
1.747500000000000000e+02
1.737500000000000000e+02
1.740000000000000000e+02
1.740000000000000000e+02
1.745000000000000000e+02
1.732500000000000000e+02
1.732500000000000000e+02
1.717500000000000000e+02
1.707500000000000000e+02
1.692500000000000000e+02
1.692500000000000000e+02
1.730000000000000000e+02
1.720000000000000000e+02
1.720000000000000000e+02
1.720000000000000000e+02
1.720000000000000000e+02
1.720000000000000000e+02
1.720000000000000000e+02
1.720000000000000000e+02
1.722500000000000000e+02
1.712500000000000000e+02
1.712500000000000000e+02
1.707500000000000000e+02
1.685000000000000000e+02
1.685000000000000000e+02
1.697500000000000000e+02
1.685000000000000000e+02
1.677500000000000000e+02
1.677500000000000000e+02
1.690000000000000000e+02
1.685000000000000000e+02
1.685000000000000000e+02
1.655000000000000000e+02
1.660000000000000000e+02
1.660000000000000000e+02
1.652500000000000000e+02
1.662500000000000000e+02
1.662500000000000000e+02
1.665000000000000000e+02
1.655000000000000000e+02
1.655000000000000000e+02
1.647500000000000000e+02
1.637500000000000000e+02
1.642500000000000000e+02
1.642500000000000000e+02
1.645000000000000000e+02
1.655000000000000000e+02
1.655000000000000000e+02
1.675000000000000000e+02
1.647500000000000000e+02
1.647500000000000000e+02
1.665000000000000000e+02
1.660000000000000000e+02
1.667500000000000000e+02
1.667500000000000000e+02
1.672500000000000000e+02
1.672500000000000000e+02
1.672500000000000000e+02
1.675000000000000000e+02
1.615000000000000000e+02
1.615000000000000000e+02
1.635000000000000000e+02
1.615000000000000000e+02
1.615000000000000000e+02
1.622500000000000000e+02
1.622500000000000000e+02
1.622500000000000000e+02
1.632500000000000000e+02
1.617500000000000000e+02
1.617500000000000000e+02
1.630000000000000000e+02
1.615000000000000000e+02
1.615000000000000000e+02
1.620000000000000000e+02
1.620000000000000000e+02
1.620000000000000000e+02
1.612500000000000000e+02
1.582500000000000000e+02
1.582500000000000000e+02
1.622500000000000000e+02
1.637500000000000000e+02
1.637500000000000000e+02
1.640000000000000000e+02
1.620000000000000000e+02
1.632500000000000000e+02
1.632500000000000000e+02
1.595000000000000000e+02
1.612500000000000000e+02
1.612500000000000000e+02
1.622500000000000000e+02
1.642500000000000000e+02
1.642500000000000000e+02
1.635000000000000000e+02
1.632500000000000000e+02
1.632500000000000000e+02
1.625000000000000000e+02
1.620000000000000000e+02
1.620000000000000000e+02
1.640000000000000000e+02
1.630000000000000000e+02
1.630000000000000000e+02
1.655000000000000000e+02
1.635000000000000000e+02
1.635000000000000000e+02
1.642500000000000000e+02
1.630000000000000000e+02
1.630000000000000000e+02
1.607500000000000000e+02
1.610000000000000000e+02
1.610000000000000000e+02
1.605000000000000000e+02
1.617500000000000000e+02
1.617500000000000000e+02
1.610000000000000000e+02
1.590000000000000000e+02
1.590000000000000000e+02
1.612500000000000000e+02
1.600000000000000000e+02
1.605000000000000000e+02
1.605000000000000000e+02
1.650000000000000000e+02
1.640000000000000000e+02
1.640000000000000000e+02
1.660000000000000000e+02
1.655000000000000000e+02
1.655000000000000000e+02
1.647500000000000000e+02
1.660000000000000000e+02
1.660000000000000000e+02
1.667500000000000000e+02
1.647500000000000000e+02
1.647500000000000000e+02
1.660000000000000000e+02
1.645000000000000000e+02
1.685000000000000000e+02
1.685000000000000000e+02
1.637500000000000000e+02
1.662500000000000000e+02
1.662500000000000000e+02
1.667500000000000000e+02
1.685000000000000000e+02
1.685000000000000000e+02
1.670000000000000000e+02
1.667500000000000000e+02
1.667500000000000000e+02
1.677500000000000000e+02
1.675000000000000000e+02
1.675000000000000000e+02
1.672500000000000000e+02
1.685000000000000000e+02
1.690000000000000000e+02
1.690000000000000000e+02
1.692500000000000000e+02
1.677500000000000000e+02
1.687500000000000000e+02
1.687500000000000000e+02
1.660000000000000000e+02
1.677500000000000000e+02
1.677500000000000000e+02
1.662500000000000000e+02
1.690000000000000000e+02
1.690000000000000000e+02
1.672500000000000000e+02
1.685000000000000000e+02
1.685000000000000000e+02
1.667500000000000000e+02
1.717500000000000000e+02
1.717500000000000000e+02
1.637500000000000000e+02
1.675000000000000000e+02
1.675000000000000000e+02
1.675000000000000000e+02
1.677500000000000000e+02
1.687500000000000000e+02
1.687500000000000000e+02
1.680000000000000000e+02
1.677500000000000000e+02
1.677500000000000000e+02
1.690000000000000000e+02
1.687500000000000000e+02
1.692500000000000000e+02
1.692500000000000000e+02
1.697500000000000000e+02
1.682500000000000000e+02
1.682500000000000000e+02
1.697500000000000000e+02
1.700000000000000000e+02
1.690000000000000000e+02
1.690000000000000000e+02
1.682500000000000000e+02
1.700000000000000000e+02
1.700000000000000000e+02
1.707500000000000000e+02
1.690000000000000000e+02
1.732500000000000000e+02
1.732500000000000000e+02
1.692500000000000000e+02
1.712500000000000000e+02
1.712500000000000000e+02
1.722500000000000000e+02
1.730000000000000000e+02
1.725000000000000000e+02
1.725000000000000000e+02
1.727500000000000000e+02
1.727500000000000000e+02
1.727500000000000000e+02
1.725000000000000000e+02
1.727500000000000000e+02
1.722500000000000000e+02
1.722500000000000000e+02
1.725000000000000000e+02
1.722500000000000000e+02
1.727500000000000000e+02
1.727500000000000000e+02
1.732500000000000000e+02
1.735000000000000000e+02
1.735000000000000000e+02
1.740000000000000000e+02
1.730000000000000000e+02
1.740000000000000000e+02
1.740000000000000000e+02
1.730000000000000000e+02
1.747500000000000000e+02
1.747500000000000000e+02
1.717500000000000000e+02
1.727500000000000000e+02
1.727500000000000000e+02
1.727500000000000000e+02
1.732500000000000000e+02
1.725000000000000000e+02
1.725000000000000000e+02
1.737500000000000000e+02
1.720000000000000000e+02
1.737500000000000000e+02
1.737500000000000000e+02
1.717500000000000000e+02
1.727500000000000000e+02
1.727500000000000000e+02
1.732500000000000000e+02
1.740000000000000000e+02
1.730000000000000000e+02
1.730000000000000000e+02
1.740000000000000000e+02
1.732500000000000000e+02
1.725000000000000000e+02
1.725000000000000000e+02
1.730000000000000000e+02
1.725000000000000000e+02
1.725000000000000000e+02
1.722500000000000000e+02
1.730000000000000000e+02
1.727500000000000000e+02
1.727500000000000000e+02
1.735000000000000000e+02
1.742500000000000000e+02
1.745000000000000000e+02
1.745000000000000000e+02
1.747500000000000000e+02
1.732500000000000000e+02
1.732500000000000000e+02
1.755000000000000000e+02
1.742500000000000000e+02
1.757500000000000000e+02
1.757500000000000000e+02
1.752500000000000000e+02
1.737500000000000000e+02
1.737500000000000000e+02
1.757500000000000000e+02
1.752500000000000000e+02
1.745000000000000000e+02
1.745000000000000000e+02
1.755000000000000000e+02
1.762500000000000000e+02
1.755000000000000000e+02
1.755000000000000000e+02
1.760000000000000000e+02
1.740000000000000000e+02
1.757500000000000000e+02
1.757500000000000000e+02
1.765000000000000000e+02
1.765000000000000000e+02
1.760000000000000000e+02
1.760000000000000000e+02
1.757500000000000000e+02
1.757500000000000000e+02
1.757500000000000000e+02
1.750000000000000000e+02
1.755000000000000000e+02
1.760000000000000000e+02
1.760000000000000000e+02
1.735000000000000000e+02
1.757500000000000000e+02
1.757500000000000000e+02
1.755000000000000000e+02
1.750000000000000000e+02
1.762500000000000000e+02
1.762500000000000000e+02
1.765000000000000000e+02
1.775000000000000000e+02
1.757500000000000000e+02
1.757500000000000000e+02
1.772500000000000000e+02
1.772500000000000000e+02
1.767500000000000000e+02
1.767500000000000000e+02
1.760000000000000000e+02
1.755000000000000000e+02
1.762500000000000000e+02
1.762500000000000000e+02
1.770000000000000000e+02
1.760000000000000000e+02
1.760000000000000000e+02
1.760000000000000000e+02
1.755000000000000000e+02
1.757500000000000000e+02
1.757500000000000000e+02
1.752500000000000000e+02
1.760000000000000000e+02
1.777500000000000000e+02
1.777500000000000000e+02
1.765000000000000000e+02
1.770000000000000000e+02
1.790000000000000000e+02
1.790000000000000000e+02
1.787500000000000000e+02
1.777500000000000000e+02
1.787500000000000000e+02
1.787500000000000000e+02
1.785000000000000000e+02
1.775000000000000000e+02
1.775000000000000000e+02
1.785000000000000000e+02
1.785000000000000000e+02
1.775000000000000000e+02
1.775000000000000000e+02
1.785000000000000000e+02
1.780000000000000000e+02
1.790000000000000000e+02
1.790000000000000000e+02
1.770000000000000000e+02
1.777500000000000000e+02
1.775000000000000000e+02
1.770000000000000000e+02
1.770000000000000000e+02
1.772500000000000000e+02
1.787500000000000000e+02
1.787500000000000000e+02
1.782500000000000000e+02
1.780000000000000000e+02
1.770000000000000000e+02
1.770000000000000000e+02
1.757500000000000000e+02
1.775000000000000000e+02
1.780000000000000000e+02
1.780000000000000000e+02
1.767500000000000000e+02
1.772500000000000000e+02
1.772500000000000000e+02
1.762500000000000000e+02
1.752500000000000000e+02
1.755000000000000000e+02
1.755000000000000000e+02
1.772500000000000000e+02
1.765000000000000000e+02
1.765000000000000000e+02
1.765000000000000000e+02
1.772500000000000000e+02
1.767500000000000000e+02
1.775000000000000000e+02
1.775000000000000000e+02
1.772500000000000000e+02
1.762500000000000000e+02
1.760000000000000000e+02
1.760000000000000000e+02
1.757500000000000000e+02
1.755000000000000000e+02
1.755000000000000000e+02
1.747500000000000000e+02
1.762500000000000000e+02
1.760000000000000000e+02
1.760000000000000000e+02
1.765000000000000000e+02
1.767500000000000000e+02
1.757500000000000000e+02
1.757500000000000000e+02
1.765000000000000000e+02
1.772500000000000000e+02
1.772500000000000000e+02
1.750000000000000000e+02
1.762500000000000000e+02
1.770000000000000000e+02
1.770000000000000000e+02
1.782500000000000000e+02
1.762500000000000000e+02
1.772500000000000000e+02
1.772500000000000000e+02
1.772500000000000000e+02
1.767500000000000000e+02
1.777500000000000000e+02
1.777500000000000000e+02
1.772500000000000000e+02
1.787500000000000000e+02
1.775000000000000000e+02
1.775000000000000000e+02
1.767500000000000000e+02
1.775000000000000000e+02
1.762500000000000000e+02
1.762500000000000000e+02
1.772500000000000000e+02
1.765000000000000000e+02
1.760000000000000000e+02
1.760000000000000000e+02
1.755000000000000000e+02
1.750000000000000000e+02
1.750000000000000000e+02
1.757500000000000000e+02
1.742500000000000000e+02
1.727500000000000000e+02
1.727500000000000000e+02
1.760000000000000000e+02
1.745000000000000000e+02
1.755000000000000000e+02
1.755000000000000000e+02
1.755000000000000000e+02
1.742500000000000000e+02
1.742500000000000000e+02
1.765000000000000000e+02
1.755000000000000000e+02
1.752500000000000000e+02
1.752500000000000000e+02
1.757500000000000000e+02
1.767500000000000000e+02
1.765000000000000000e+02
1.765000000000000000e+02
1.782500000000000000e+02
1.750000000000000000e+02
1.765000000000000000e+02
1.765000000000000000e+02
1.767500000000000000e+02
1.762500000000000000e+02
1.762500000000000000e+02
1.767500000000000000e+02
1.765000000000000000e+02
1.757500000000000000e+02
1.757500000000000000e+02
1.787500000000000000e+02
1.772500000000000000e+02
1.767500000000000000e+02
1.767500000000000000e+02
1.767500000000000000e+02
1.760000000000000000e+02
1.770000000000000000e+02
1.770000000000000000e+02
1.767500000000000000e+02
1.770000000000000000e+02
1.770000000000000000e+02
1.757500000000000000e+02
1.770000000000000000e+02
1.762500000000000000e+02
1.762500000000000000e+02
1.752500000000000000e+02
1.767500000000000000e+02
1.752500000000000000e+02
1.752500000000000000e+02
1.747500000000000000e+02
1.750000000000000000e+02
1.747500000000000000e+02
1.747500000000000000e+02
1.760000000000000000e+02
1.767500000000000000e+02
1.765000000000000000e+02
1.765000000000000000e+02
1.767500000000000000e+02
1.777500000000000000e+02
1.770000000000000000e+02
1.770000000000000000e+02
1.755000000000000000e+02
1.772500000000000000e+02
1.772500000000000000e+02
1.797500000000000000e+02
1.742500000000000000e+02
1.770000000000000000e+02
1.770000000000000000e+02
1.767500000000000000e+02
1.770000000000000000e+02
1.780000000000000000e+02
1.780000000000000000e+02
1.767500000000000000e+02
1.770000000000000000e+02
1.770000000000000000e+02
1.772500000000000000e+02
1.770000000000000000e+02
1.750000000000000000e+02
1.750000000000000000e+02
1.762500000000000000e+02
1.755000000000000000e+02
1.795000000000000000e+02
1.795000000000000000e+02
1.775000000000000000e+02
1.775000000000000000e+02
1.770000000000000000e+02
1.770000000000000000e+02
1.772500000000000000e+02
1.777500000000000000e+02
1.777500000000000000e+02
1.777500000000000000e+02
1.775000000000000000e+02
1.780000000000000000e+02
1.787500000000000000e+02
1.787500000000000000e+02
1.785000000000000000e+02
1.807500000000000000e+02
1.750000000000000000e+02
1.750000000000000000e+02
1.785000000000000000e+02
1.780000000000000000e+02
1.782500000000000000e+02
1.782500000000000000e+02
1.792500000000000000e+02
1.770000000000000000e+02
1.770000000000000000e+02
1.790000000000000000e+02
1.790000000000000000e+02
1.785000000000000000e+02
1.785000000000000000e+02
1.790000000000000000e+02
1.792500000000000000e+02
1.795000000000000000e+02
1.797500000000000000e+02
1.797500000000000000e+02
1.792500000000000000e+02
1.802500000000000000e+02
1.802500000000000000e+02
1.797500000000000000e+02
1.805000000000000000e+02
1.805000000000000000e+02
1.805000000000000000e+02
1.807500000000000000e+02
1.805000000000000000e+02
1.810000000000000000e+02
1.810000000000000000e+02
1.797500000000000000e+02
1.817500000000000000e+02
1.805000000000000000e+02
1.805000000000000000e+02
1.805000000000000000e+02
1.802500000000000000e+02
1.802500000000000000e+02
1.802500000000000000e+02
1.805000000000000000e+02
1.802500000000000000e+02
1.805000000000000000e+02
1.805000000000000000e+02
1.795000000000000000e+02
1.797500000000000000e+02
1.797500000000000000e+02
1.797500000000000000e+02
1.807500000000000000e+02
1.802500000000000000e+02
1.812500000000000000e+02
1.807500000000000000e+02
1.807500000000000000e+02
1.812500000000000000e+02
1.815000000000000000e+02
1.810000000000000000e+02
1.810000000000000000e+02
1.805000000000000000e+02
1.802500000000000000e+02
1.812500000000000000e+02
1.812500000000000000e+02
1.812500000000000000e+02
1.817500000000000000e+02
1.810000000000000000e+02
1.810000000000000000e+02
1.815000000000000000e+02
1.812500000000000000e+02
1.820000000000000000e+02
1.820000000000000000e+02
1.802500000000000000e+02
1.825000000000000000e+02
1.822500000000000000e+02
1.822500000000000000e+02
1.817500000000000000e+02
1.825000000000000000e+02
1.810000000000000000e+02
1.810000000000000000e+02
1.832500000000000000e+02
1.820000000000000000e+02
1.822500000000000000e+02
1.822500000000000000e+02
1.825000000000000000e+02
1.802500000000000000e+02
1.825000000000000000e+02
1.825000000000000000e+02
1.805000000000000000e+02
1.812500000000000000e+02
1.805000000000000000e+02
1.812500000000000000e+02
1.812500000000000000e+02
1.817500000000000000e+02
1.817500000000000000e+02
1.817500000000000000e+02
1.802500000000000000e+02
1.800000000000000000e+02
1.810000000000000000e+02
1.807500000000000000e+02
1.807500000000000000e+02
1.815000000000000000e+02
1.825000000000000000e+02
1.822500000000000000e+02
1.822500000000000000e+02
1.810000000000000000e+02
1.830000000000000000e+02
1.827500000000000000e+02
1.827500000000000000e+02
1.827500000000000000e+02
1.832500000000000000e+02
1.837500000000000000e+02
1.837500000000000000e+02
1.827500000000000000e+02
1.835000000000000000e+02
1.830000000000000000e+02
1.830000000000000000e+02
1.827500000000000000e+02
1.827500000000000000e+02
1.827500000000000000e+02
1.827500000000000000e+02
1.827500000000000000e+02
1.832500000000000000e+02
1.835000000000000000e+02
1.832500000000000000e+02
1.832500000000000000e+02
1.832500000000000000e+02
1.837500000000000000e+02
1.812500000000000000e+02
1.812500000000000000e+02
1.845000000000000000e+02
1.830000000000000000e+02
1.825000000000000000e+02
1.825000000000000000e+02
1.835000000000000000e+02
1.827500000000000000e+02
1.830000000000000000e+02
1.830000000000000000e+02
1.832500000000000000e+02
1.840000000000000000e+02
1.840000000000000000e+02
1.840000000000000000e+02
1.835000000000000000e+02
1.842500000000000000e+02
1.832500000000000000e+02
1.837500000000000000e+02
1.837500000000000000e+02
1.820000000000000000e+02
1.855000000000000000e+02
1.840000000000000000e+02
1.840000000000000000e+02
1.845000000000000000e+02
1.832500000000000000e+02
1.835000000000000000e+02
1.837500000000000000e+02
1.837500000000000000e+02
1.835000000000000000e+02
1.835000000000000000e+02
1.835000000000000000e+02
1.827500000000000000e+02
1.832500000000000000e+02
1.832500000000000000e+02
1.835000000000000000e+02
1.835000000000000000e+02
1.840000000000000000e+02
1.830000000000000000e+02
1.827500000000000000e+02
1.827500000000000000e+02
1.850000000000000000e+02
1.827500000000000000e+02
1.842500000000000000e+02
1.842500000000000000e+02
1.837500000000000000e+02
1.842500000000000000e+02
1.842500000000000000e+02
1.842500000000000000e+02
1.847500000000000000e+02
1.842500000000000000e+02
1.845000000000000000e+02
1.852500000000000000e+02
1.852500000000000000e+02
1.847500000000000000e+02
1.847500000000000000e+02
1.850000000000000000e+02
1.850000000000000000e+02
1.845000000000000000e+02
1.850000000000000000e+02
1.847500000000000000e+02
1.830000000000000000e+02
1.830000000000000000e+02
1.857500000000000000e+02
1.842500000000000000e+02
1.847500000000000000e+02
1.847500000000000000e+02
1.842500000000000000e+02
1.842500000000000000e+02
1.840000000000000000e+02
1.840000000000000000e+02
1.845000000000000000e+02
1.845000000000000000e+02
1.835000000000000000e+02
1.835000000000000000e+02
1.852500000000000000e+02
1.847500000000000000e+02
1.847500000000000000e+02
1.850000000000000000e+02
1.850000000000000000e+02
1.850000000000000000e+02
1.842500000000000000e+02
1.850000000000000000e+02
1.850000000000000000e+02
1.842500000000000000e+02
1.850000000000000000e+02
1.842500000000000000e+02
1.847500000000000000e+02
1.847500000000000000e+02
1.840000000000000000e+02
1.840000000000000000e+02
1.845000000000000000e+02
1.845000000000000000e+02
1.840000000000000000e+02
1.837500000000000000e+02
1.840000000000000000e+02
1.840000000000000000e+02
1.840000000000000000e+02
1.835000000000000000e+02
1.840000000000000000e+02
1.847500000000000000e+02
1.847500000000000000e+02
1.840000000000000000e+02
1.830000000000000000e+02
1.855000000000000000e+02
1.855000000000000000e+02
1.850000000000000000e+02
1.837500000000000000e+02
1.837500000000000000e+02
1.837500000000000000e+02
1.845000000000000000e+02
1.835000000000000000e+02
1.837500000000000000e+02
1.837500000000000000e+02
1.837500000000000000e+02
1.867500000000000000e+02
1.807500000000000000e+02
1.837500000000000000e+02
1.837500000000000000e+02
1.832500000000000000e+02
1.840000000000000000e+02
1.837500000000000000e+02
1.837500000000000000e+02
1.837500000000000000e+02
1.837500000000000000e+02
1.837500000000000000e+02
1.837500000000000000e+02
1.840000000000000000e+02
1.830000000000000000e+02
1.835000000000000000e+02
1.840000000000000000e+02
1.840000000000000000e+02
1.840000000000000000e+02
1.832500000000000000e+02
1.847500000000000000e+02
1.847500000000000000e+02
1.842500000000000000e+02
1.825000000000000000e+02
1.837500000000000000e+02
1.837500000000000000e+02
1.830000000000000000e+02
1.832500000000000000e+02
1.842500000000000000e+02
1.842500000000000000e+02
1.822500000000000000e+02
1.835000000000000000e+02
1.832500000000000000e+02
1.832500000000000000e+02
1.837500000000000000e+02
1.830000000000000000e+02
1.835000000000000000e+02
1.837500000000000000e+02
1.837500000000000000e+02
1.837500000000000000e+02
1.840000000000000000e+02
1.840000000000000000e+02
1.840000000000000000e+02
1.835000000000000000e+02
1.827500000000000000e+02
1.855000000000000000e+02
1.855000000000000000e+02
1.835000000000000000e+02
1.837500000000000000e+02
1.835000000000000000e+02
1.837500000000000000e+02
1.837500000000000000e+02
1.842500000000000000e+02
1.827500000000000000e+02
1.845000000000000000e+02
1.845000000000000000e+02
1.840000000000000000e+02
1.835000000000000000e+02
1.840000000000000000e+02
1.840000000000000000e+02
1.840000000000000000e+02
1.837500000000000000e+02
1.822500000000000000e+02
1.855000000000000000e+02
1.855000000000000000e+02
1.837500000000000000e+02
1.842500000000000000e+02
1.842500000000000000e+02
1.842500000000000000e+02
1.842500000000000000e+02
1.842500000000000000e+02
1.862500000000000000e+02
1.862500000000000000e+02
1.817500000000000000e+02
1.840000000000000000e+02
1.837500000000000000e+02
1.837500000000000000e+02
1.845000000000000000e+02
1.855000000000000000e+02
1.830000000000000000e+02
1.840000000000000000e+02
1.840000000000000000e+02
1.840000000000000000e+02
1.840000000000000000e+02
1.842500000000000000e+02
1.842500000000000000e+02
1.835000000000000000e+02
1.837500000000000000e+02
1.840000000000000000e+02
1.840000000000000000e+02
1.840000000000000000e+02
1.840000000000000000e+02
1.842500000000000000e+02
1.842500000000000000e+02
1.840000000000000000e+02
1.842500000000000000e+02
1.845000000000000000e+02
1.842500000000000000e+02
1.842500000000000000e+02
1.845000000000000000e+02
1.850000000000000000e+02
1.837500000000000000e+02
1.837500000000000000e+02
1.840000000000000000e+02
1.857500000000000000e+02
1.825000000000000000e+02
1.845000000000000000e+02
1.845000000000000000e+02
1.842500000000000000e+02
1.837500000000000000e+02
1.842500000000000000e+02
1.842500000000000000e+02
1.840000000000000000e+02
1.842500000000000000e+02
1.837500000000000000e+02
1.837500000000000000e+02
1.840000000000000000e+02
1.837500000000000000e+02
1.842500000000000000e+02
1.842500000000000000e+02
1.837500000000000000e+02
1.840000000000000000e+02
1.837500000000000000e+02
1.837500000000000000e+02
1.842500000000000000e+02
1.837500000000000000e+02
1.840000000000000000e+02
1.855000000000000000e+02
1.855000000000000000e+02
1.820000000000000000e+02
1.842500000000000000e+02
1.835000000000000000e+02
1.835000000000000000e+02
1.835000000000000000e+02
1.837500000000000000e+02
1.837500000000000000e+02
1.837500000000000000e+02
1.840000000000000000e+02
1.825000000000000000e+02
1.845000000000000000e+02
1.845000000000000000e+02
1.832500000000000000e+02
1.835000000000000000e+02
1.832500000000000000e+02
1.832500000000000000e+02
1.832500000000000000e+02
1.832500000000000000e+02
1.835000000000000000e+02
1.830000000000000000e+02
1.830000000000000000e+02
1.835000000000000000e+02
1.832500000000000000e+02
1.825000000000000000e+02
1.825000000000000000e+02
1.842500000000000000e+02
1.835000000000000000e+02
1.830000000000000000e+02
1.830000000000000000e+02
1.830000000000000000e+02
1.832500000000000000e+02
1.832500000000000000e+02
1.832500000000000000e+02
1.832500000000000000e+02
1.830000000000000000e+02
1.830000000000000000e+02
1.827500000000000000e+02
1.827500000000000000e+02
1.830000000000000000e+02
1.827500000000000000e+02
1.830000000000000000e+02
1.830000000000000000e+02
1.842500000000000000e+02
1.817500000000000000e+02
1.832500000000000000e+02
1.832500000000000000e+02
1.830000000000000000e+02
1.817500000000000000e+02
1.830000000000000000e+02
1.855000000000000000e+02
1.855000000000000000e+02
1.802500000000000000e+02
1.827500000000000000e+02
1.855000000000000000e+02
1.855000000000000000e+02
1.800000000000000000e+02
1.830000000000000000e+02
1.830000000000000000e+02
1.825000000000000000e+02
1.825000000000000000e+02
1.825000000000000000e+02
1.825000000000000000e+02
1.825000000000000000e+02
1.825000000000000000e+02
1.827500000000000000e+02
1.827500000000000000e+02
1.827500000000000000e+02
1.827500000000000000e+02
1.822500000000000000e+02
1.822500000000000000e+02
1.822500000000000000e+02
1.822500000000000000e+02
1.822500000000000000e+02
1.822500000000000000e+02
1.805000000000000000e+02
1.805000000000000000e+02
1.835000000000000000e+02
1.822500000000000000e+02
1.820000000000000000e+02
1.820000000000000000e+02
1.820000000000000000e+02
1.822500000000000000e+02
1.817500000000000000e+02
1.817500000000000000e+02
1.815000000000000000e+02
1.820000000000000000e+02
1.820000000000000000e+02
1.812500000000000000e+02
1.817500000000000000e+02
1.815000000000000000e+02
1.817500000000000000e+02
1.817500000000000000e+02
1.810000000000000000e+02
1.805000000000000000e+02
1.810000000000000000e+02
1.810000000000000000e+02
1.802500000000000000e+02
1.810000000000000000e+02
1.802500000000000000e+02
1.802500000000000000e+02
1.807500000000000000e+02
1.805000000000000000e+02
1.800000000000000000e+02
1.800000000000000000e+02
1.802500000000000000e+02
1.802500000000000000e+02
1.802500000000000000e+02
1.802500000000000000e+02
1.817500000000000000e+02
1.785000000000000000e+02
1.805000000000000000e+02
1.805000000000000000e+02
1.790000000000000000e+02
1.805000000000000000e+02
1.800000000000000000e+02
1.800000000000000000e+02
1.800000000000000000e+02
1.800000000000000000e+02
1.802500000000000000e+02
1.802500000000000000e+02
1.802500000000000000e+02
1.802500000000000000e+02
1.802500000000000000e+02
1.802500000000000000e+02
1.802500000000000000e+02
1.802500000000000000e+02
1.800000000000000000e+02
1.800000000000000000e+02
1.800000000000000000e+02
1.797500000000000000e+02
1.800000000000000000e+02
1.800000000000000000e+02
1.800000000000000000e+02
1.802500000000000000e+02
1.782500000000000000e+02
1.782500000000000000e+02
1.805000000000000000e+02
1.800000000000000000e+02
1.800000000000000000e+02
1.800000000000000000e+02
1.805000000000000000e+02
1.787500000000000000e+02
1.817500000000000000e+02
1.817500000000000000e+02
1.802500000000000000e+02
1.792500000000000000e+02
1.802500000000000000e+02
1.802500000000000000e+02
1.805000000000000000e+02
1.802500000000000000e+02
1.800000000000000000e+02
1.800000000000000000e+02
1.800000000000000000e+02
1.795000000000000000e+02
1.795000000000000000e+02
1.795000000000000000e+02
1.785000000000000000e+02
1.785000000000000000e+02
1.772500000000000000e+02
1.772500000000000000e+02
1.782500000000000000e+02
1.775000000000000000e+02
1.782500000000000000e+02
1.782500000000000000e+02
1.762500000000000000e+02
1.775000000000000000e+02
1.770000000000000000e+02
1.770000000000000000e+02
1.767500000000000000e+02
1.762500000000000000e+02
1.767500000000000000e+02
1.767500000000000000e+02
1.767500000000000000e+02
1.767500000000000000e+02
1.767500000000000000e+02
1.752500000000000000e+02
1.750000000000000000e+02
1.755000000000000000e+02
1.755000000000000000e+02
1.732500000000000000e+02
1.717500000000000000e+02
1.717500000000000000e+02
1.727500000000000000e+02
1.715000000000000000e+02
1.717500000000000000e+02
1.717500000000000000e+02
1.697500000000000000e+02
1.690000000000000000e+02
1.690000000000000000e+02
1.710000000000000000e+02
1.702500000000000000e+02
1.715000000000000000e+02
1.715000000000000000e+02
1.715000000000000000e+02
1.727500000000000000e+02
1.727500000000000000e+02
1.737500000000000000e+02
1.710000000000000000e+02
1.722500000000000000e+02
1.722500000000000000e+02
1.730000000000000000e+02
1.737500000000000000e+02
1.742500000000000000e+02
1.742500000000000000e+02
1.745000000000000000e+02
1.730000000000000000e+02
1.730000000000000000e+02
1.737500000000000000e+02
1.742500000000000000e+02
1.742500000000000000e+02
1.742500000000000000e+02
1.742500000000000000e+02
1.747500000000000000e+02
1.747500000000000000e+02
1.750000000000000000e+02
1.742500000000000000e+02
1.747500000000000000e+02
1.747500000000000000e+02
1.745000000000000000e+02
1.722500000000000000e+02
1.722500000000000000e+02
1.722500000000000000e+02
1.722500000000000000e+02
1.715000000000000000e+02
1.715000000000000000e+02
1.702500000000000000e+02
1.715000000000000000e+02
1.707500000000000000e+02
1.707500000000000000e+02
1.697500000000000000e+02
1.700000000000000000e+02
1.700000000000000000e+02
1.695000000000000000e+02
1.687500000000000000e+02
1.702500000000000000e+02
1.702500000000000000e+02
1.697500000000000000e+02
1.700000000000000000e+02
1.700000000000000000e+02
1.695000000000000000e+02
1.697500000000000000e+02
1.697500000000000000e+02
1.690000000000000000e+02
1.672500000000000000e+02
1.667500000000000000e+02
1.667500000000000000e+02
1.662500000000000000e+02
1.645000000000000000e+02
1.645000000000000000e+02
1.657500000000000000e+02
1.652500000000000000e+02
1.652500000000000000e+02
1.652500000000000000e+02
1.670000000000000000e+02
1.657500000000000000e+02
1.657500000000000000e+02
1.682500000000000000e+02
1.667500000000000000e+02
1.667500000000000000e+02
1.652500000000000000e+02
1.670000000000000000e+02
1.670000000000000000e+02
1.660000000000000000e+02
1.647500000000000000e+02
1.647500000000000000e+02
1.650000000000000000e+02
1.612500000000000000e+02
1.612500000000000000e+02
1.590000000000000000e+02
1.607500000000000000e+02
1.607500000000000000e+02
1.617500000000000000e+02
1.552500000000000000e+02
1.552500000000000000e+02
1.605000000000000000e+02
1.587500000000000000e+02
1.587500000000000000e+02
1.605000000000000000e+02
1.585000000000000000e+02
1.585000000000000000e+02
1.540000000000000000e+02
1.557500000000000000e+02
1.557500000000000000e+02
1.600000000000000000e+02
1.610000000000000000e+02
1.610000000000000000e+02
1.525000000000000000e+02
1.525000000000000000e+02
1.377500000000000000e+02
1.377500000000000000e+02
1.297500000000000000e+02
1.380000000000000000e+02
1.380000000000000000e+02
1.392500000000000000e+02
1.392500000000000000e+02
1.427500000000000000e+02
1.445000000000000000e+02
1.445000000000000000e+02
1.425000000000000000e+02
1.425000000000000000e+02
1.440000000000000000e+02
1.502500000000000000e+02
1.502500000000000000e+02
1.577500000000000000e+02
1.565000000000000000e+02
1.565000000000000000e+02
1.555000000000000000e+02
1.547500000000000000e+02
1.547500000000000000e+02
1.562500000000000000e+02
1.545000000000000000e+02
1.545000000000000000e+02
1.545000000000000000e+02
1.545000000000000000e+02
1.500000000000000000e+02
1.500000000000000000e+02
1.500000000000000000e+02
1.495000000000000000e+02
1.525000000000000000e+02
1.525000000000000000e+02
1.550000000000000000e+02
1.552500000000000000e+02
1.552500000000000000e+02
1.560000000000000000e+02
1.577500000000000000e+02
1.577500000000000000e+02
1.567500000000000000e+02
1.567500000000000000e+02
1.590000000000000000e+02
1.602500000000000000e+02
1.602500000000000000e+02
1.562500000000000000e+02
1.555000000000000000e+02
1.555000000000000000e+02
1.555000000000000000e+02
1.542500000000000000e+02
1.542500000000000000e+02
1.547500000000000000e+02
1.582500000000000000e+02
1.582500000000000000e+02
1.532500000000000000e+02
1.520000000000000000e+02
1.520000000000000000e+02
1.515000000000000000e+02
1.515000000000000000e+02
1.515000000000000000e+02
1.527500000000000000e+02
1.527500000000000000e+02
1.522500000000000000e+02
1.540000000000000000e+02
1.540000000000000000e+02
1.552500000000000000e+02
1.545000000000000000e+02
1.545000000000000000e+02
1.567500000000000000e+02
1.567500000000000000e+02
1.575000000000000000e+02
1.572500000000000000e+02
1.572500000000000000e+02
1.562500000000000000e+02
1.552500000000000000e+02
1.552500000000000000e+02
1.552500000000000000e+02
1.557500000000000000e+02
1.557500000000000000e+02
1.542500000000000000e+02
1.452500000000000000e+02
1.452500000000000000e+02
1.340000000000000000e+02
1.340000000000000000e+02
1.312500000000000000e+02
1.312500000000000000e+02
1.345000000000000000e+02
1.345000000000000000e+02
1.380000000000000000e+02
1.382500000000000000e+02
1.382500000000000000e+02
1.427500000000000000e+02
1.477500000000000000e+02
1.477500000000000000e+02
1.495000000000000000e+02
1.495000000000000000e+02
1.492500000000000000e+02
1.457500000000000000e+02
1.457500000000000000e+02
1.485000000000000000e+02
1.485000000000000000e+02
1.470000000000000000e+02
1.457500000000000000e+02
1.457500000000000000e+02
1.460000000000000000e+02
1.460000000000000000e+02
1.515000000000000000e+02
1.510000000000000000e+02
1.510000000000000000e+02
1.510000000000000000e+02
1.480000000000000000e+02
1.480000000000000000e+02
1.547500000000000000e+02
1.557500000000000000e+02
1.557500000000000000e+02
1.570000000000000000e+02
1.570000000000000000e+02
1.570000000000000000e+02
1.535000000000000000e+02
1.535000000000000000e+02
1.555000000000000000e+02
1.517500000000000000e+02
1.517500000000000000e+02
1.505000000000000000e+02
1.445000000000000000e+02
1.445000000000000000e+02
1.410000000000000000e+02
1.410000000000000000e+02
1.295000000000000000e+02
1.295000000000000000e+02
1.252500000000000000e+02
1.252500000000000000e+02
1.280000000000000000e+02
1.280000000000000000e+02
1.340000000000000000e+02
1.410000000000000000e+02
1.410000000000000000e+02
1.472500000000000000e+02
1.520000000000000000e+02
1.520000000000000000e+02
1.507500000000000000e+02
1.507500000000000000e+02
1.545000000000000000e+02
1.550000000000000000e+02
1.550000000000000000e+02
1.537500000000000000e+02
1.517500000000000000e+02
1.517500000000000000e+02
1.462500000000000000e+02
1.462500000000000000e+02
1.422500000000000000e+02
1.422500000000000000e+02
1.422500000000000000e+02
1.422500000000000000e+02
1.422500000000000000e+02
1.422500000000000000e+02
1.422500000000000000e+02
1.422500000000000000e+02
1.422500000000000000e+02
1.260000000000000000e+02
1.397500000000000000e+02
1.397500000000000000e+02
1.475000000000000000e+02
1.502500000000000000e+02
1.502500000000000000e+02
1.532500000000000000e+02
1.532500000000000000e+02
1.527500000000000000e+02
1.525000000000000000e+02
1.525000000000000000e+02
1.537500000000000000e+02
1.562500000000000000e+02
1.562500000000000000e+02
1.552500000000000000e+02
1.542500000000000000e+02
1.542500000000000000e+02
1.507500000000000000e+02
1.507500000000000000e+02
1.480000000000000000e+02
1.490000000000000000e+02
1.490000000000000000e+02
1.452500000000000000e+02
1.422500000000000000e+02
1.422500000000000000e+02
1.365000000000000000e+02
1.365000000000000000e+02
1.350000000000000000e+02
1.350000000000000000e+02
1.375000000000000000e+02
1.375000000000000000e+02
1.210000000000000000e+02
1.210000000000000000e+02
1.195000000000000000e+02
1.195000000000000000e+02
1.247500000000000000e+02
1.247500000000000000e+02
1.282500000000000000e+02
1.342500000000000000e+02
1.342500000000000000e+02
1.420000000000000000e+02
1.420000000000000000e+02
1.462500000000000000e+02
1.405000000000000000e+02
1.405000000000000000e+02
1.420000000000000000e+02
1.420000000000000000e+02
1.425000000000000000e+02
1.425000000000000000e+02
1.402500000000000000e+02
1.370000000000000000e+02
1.370000000000000000e+02
1.372500000000000000e+02
1.372500000000000000e+02
1.337500000000000000e+02
1.337500000000000000e+02
1.235000000000000000e+02
1.235000000000000000e+02
1.355000000000000000e+02
1.362500000000000000e+02
1.362500000000000000e+02
1.365000000000000000e+02
1.365000000000000000e+02
1.297500000000000000e+02
1.297500000000000000e+02
1.357500000000000000e+02
1.420000000000000000e+02
1.420000000000000000e+02
1.375000000000000000e+02
1.375000000000000000e+02
1.375000000000000000e+02
1.375000000000000000e+02
1.225000000000000000e+02
1.225000000000000000e+02
1.302500000000000000e+02
1.302500000000000000e+02
1.327500000000000000e+02
1.327500000000000000e+02
1.390000000000000000e+02
1.472500000000000000e+02
1.472500000000000000e+02
1.480000000000000000e+02
1.502500000000000000e+02
1.502500000000000000e+02
1.507500000000000000e+02
1.507500000000000000e+02
1.482500000000000000e+02
1.460000000000000000e+02
1.460000000000000000e+02
1.465000000000000000e+02
1.465000000000000000e+02
1.455000000000000000e+02
1.435000000000000000e+02
1.435000000000000000e+02
1.375000000000000000e+02
1.375000000000000000e+02
1.412500000000000000e+02
1.432500000000000000e+02
1.432500000000000000e+02
1.435000000000000000e+02
1.435000000000000000e+02
1.435000000000000000e+02
1.450000000000000000e+02
1.450000000000000000e+02
1.462500000000000000e+02
1.462500000000000000e+02
1.460000000000000000e+02
1.465000000000000000e+02
1.465000000000000000e+02
1.455000000000000000e+02
1.455000000000000000e+02
1.475000000000000000e+02
1.402500000000000000e+02
1.402500000000000000e+02
1.330000000000000000e+02
1.330000000000000000e+02
1.265000000000000000e+02
1.265000000000000000e+02
1.307500000000000000e+02
1.307500000000000000e+02
1.402500000000000000e+02
1.397500000000000000e+02
1.397500000000000000e+02
1.335000000000000000e+02
1.335000000000000000e+02
1.285000000000000000e+02
1.285000000000000000e+02
1.292500000000000000e+02
1.292500000000000000e+02
1.192500000000000000e+02
1.192500000000000000e+02
1.090000000000000000e+02
1.090000000000000000e+02
1.047500000000000000e+02
1.047500000000000000e+02
1.047500000000000000e+02
1.060000000000000000e+02
1.060000000000000000e+02
1.057500000000000000e+02
1.057500000000000000e+02
1.122500000000000000e+02
1.122500000000000000e+02
1.137500000000000000e+02
1.137500000000000000e+02
1.105000000000000000e+02
1.105000000000000000e+02
1.105000000000000000e+02
1.097500000000000000e+02
1.097500000000000000e+02
1.120000000000000000e+02
1.120000000000000000e+02
1.112500000000000000e+02
1.112500000000000000e+02
1.110000000000000000e+02
1.110000000000000000e+02
1.105000000000000000e+02
1.105000000000000000e+02
1.125000000000000000e+02
1.125000000000000000e+02
1.137500000000000000e+02
1.137500000000000000e+02
1.150000000000000000e+02
1.150000000000000000e+02
1.150000000000000000e+02
1.147500000000000000e+02
1.147500000000000000e+02
1.092500000000000000e+02
1.092500000000000000e+02
1.087500000000000000e+02
1.087500000000000000e+02
1.102500000000000000e+02
1.102500000000000000e+02
1.080000000000000000e+02
1.080000000000000000e+02
1.080000000000000000e+02
1.102500000000000000e+02
1.102500000000000000e+02
1.117500000000000000e+02
1.117500000000000000e+02
1.107500000000000000e+02
1.107500000000000000e+02
1.070000000000000000e+02
1.070000000000000000e+02
1.085000000000000000e+02
1.085000000000000000e+02
1.097500000000000000e+02
1.097500000000000000e+02
1.097500000000000000e+02
1.110000000000000000e+02
1.110000000000000000e+02
1.127500000000000000e+02
1.127500000000000000e+02
1.142500000000000000e+02
1.142500000000000000e+02
1.157500000000000000e+02
1.157500000000000000e+02
1.165000000000000000e+02
1.165000000000000000e+02
1.140000000000000000e+02
1.140000000000000000e+02
1.175000000000000000e+02
1.175000000000000000e+02
1.195000000000000000e+02
1.195000000000000000e+02
1.147500000000000000e+02
1.147500000000000000e+02
1.137500000000000000e+02
1.137500000000000000e+02
1.142500000000000000e+02
1.142500000000000000e+02
1.155000000000000000e+02
1.155000000000000000e+02
1.155000000000000000e+02
1.162500000000000000e+02
1.162500000000000000e+02
1.180000000000000000e+02
1.180000000000000000e+02
1.192500000000000000e+02
1.192500000000000000e+02
1.190000000000000000e+02
1.190000000000000000e+02
1.195000000000000000e+02
1.195000000000000000e+02
1.205000000000000000e+02
1.205000000000000000e+02
1.210000000000000000e+02
1.210000000000000000e+02
1.205000000000000000e+02
1.205000000000000000e+02
1.197500000000000000e+02
1.197500000000000000e+02
1.200000000000000000e+02
1.200000000000000000e+02
1.200000000000000000e+02
1.200000000000000000e+02
1.195000000000000000e+02
1.195000000000000000e+02
1.187500000000000000e+02
1.187500000000000000e+02
1.180000000000000000e+02
1.180000000000000000e+02
1.197500000000000000e+02
1.197500000000000000e+02
1.200000000000000000e+02
1.200000000000000000e+02
1.220000000000000000e+02
1.220000000000000000e+02
1.222500000000000000e+02
1.222500000000000000e+02
1.270000000000000000e+02
1.310000000000000000e+02
1.310000000000000000e+02
1.587500000000000000e+02
1.605000000000000000e+02
1.605000000000000000e+02
1.607500000000000000e+02
1.575000000000000000e+02
1.575000000000000000e+02
1.567500000000000000e+02
1.542500000000000000e+02
1.542500000000000000e+02
1.485000000000000000e+02
1.485000000000000000e+02
1.485000000000000000e+02
1.485000000000000000e+02
1.220000000000000000e+02
1.220000000000000000e+02
1.222500000000000000e+02
1.222500000000000000e+02
1.242500000000000000e+02
1.242500000000000000e+02
1.230000000000000000e+02
1.230000000000000000e+02
1.232500000000000000e+02
1.232500000000000000e+02
1.232500000000000000e+02
1.232500000000000000e+02
1.230000000000000000e+02
1.230000000000000000e+02
1.240000000000000000e+02
1.240000000000000000e+02
1.230000000000000000e+02
1.230000000000000000e+02
1.230000000000000000e+02
1.230000000000000000e+02
1.212500000000000000e+02
1.212500000000000000e+02
1.222500000000000000e+02
1.222500000000000000e+02
1.237500000000000000e+02
1.237500000000000000e+02
1.265000000000000000e+02
1.265000000000000000e+02
1.272500000000000000e+02
1.255000000000000000e+02
1.255000000000000000e+02
1.240000000000000000e+02
1.240000000000000000e+02
1.377500000000000000e+02
1.377500000000000000e+02
1.537500000000000000e+02
1.575000000000000000e+02
1.575000000000000000e+02
1.600000000000000000e+02
1.605000000000000000e+02
1.605000000000000000e+02
1.617500000000000000e+02
1.625000000000000000e+02
1.625000000000000000e+02
1.617500000000000000e+02
1.592500000000000000e+02
1.592500000000000000e+02
1.615000000000000000e+02
1.615000000000000000e+02
1.615000000000000000e+02
1.617500000000000000e+02
1.615000000000000000e+02
1.615000000000000000e+02
1.625000000000000000e+02
1.622500000000000000e+02
1.622500000000000000e+02
1.620000000000000000e+02
1.607500000000000000e+02
1.607500000000000000e+02
1.622500000000000000e+02
1.627500000000000000e+02
1.605000000000000000e+02
1.605000000000000000e+02
1.600000000000000000e+02
1.600000000000000000e+02
1.600000000000000000e+02
1.577500000000000000e+02
1.600000000000000000e+02
1.600000000000000000e+02
1.612500000000000000e+02
1.612500000000000000e+02
1.587500000000000000e+02
1.602500000000000000e+02
1.602500000000000000e+02
1.602500000000000000e+02
1.612500000000000000e+02
1.630000000000000000e+02
1.630000000000000000e+02
1.622500000000000000e+02
1.632500000000000000e+02
1.632500000000000000e+02
1.640000000000000000e+02
1.645000000000000000e+02
1.645000000000000000e+02
1.645000000000000000e+02
1.660000000000000000e+02
1.660000000000000000e+02
1.667500000000000000e+02
1.685000000000000000e+02
1.672500000000000000e+02
1.672500000000000000e+02
1.682500000000000000e+02
1.712500000000000000e+02
1.712500000000000000e+02
1.685000000000000000e+02
1.685000000000000000e+02
1.685000000000000000e+02
1.677500000000000000e+02
1.662500000000000000e+02
1.662500000000000000e+02
1.652500000000000000e+02
1.637500000000000000e+02
1.645000000000000000e+02
1.645000000000000000e+02
1.642500000000000000e+02
1.672500000000000000e+02
1.672500000000000000e+02
1.655000000000000000e+02
1.685000000000000000e+02
1.685000000000000000e+02
1.687500000000000000e+02
1.690000000000000000e+02
1.690000000000000000e+02
1.685000000000000000e+02
1.692500000000000000e+02
1.667500000000000000e+02
1.667500000000000000e+02
1.695000000000000000e+02
1.685000000000000000e+02
1.685000000000000000e+02
1.690000000000000000e+02
1.690000000000000000e+02
1.717500000000000000e+02
1.717500000000000000e+02
1.697500000000000000e+02
1.720000000000000000e+02
1.720000000000000000e+02
1.715000000000000000e+02
1.725000000000000000e+02
1.725000000000000000e+02
1.725000000000000000e+02
1.725000000000000000e+02
1.697500000000000000e+02
1.697500000000000000e+02
1.715000000000000000e+02
1.727500000000000000e+02
1.717500000000000000e+02
1.717500000000000000e+02
1.727500000000000000e+02
1.722500000000000000e+02
1.722500000000000000e+02
1.735000000000000000e+02
1.737500000000000000e+02
1.735000000000000000e+02
1.735000000000000000e+02
1.750000000000000000e+02
1.735000000000000000e+02
1.745000000000000000e+02
1.745000000000000000e+02
1.747500000000000000e+02
1.747500000000000000e+02
1.747500000000000000e+02
1.740000000000000000e+02
1.745000000000000000e+02
1.745000000000000000e+02
1.745000000000000000e+02
1.742500000000000000e+02
1.755000000000000000e+02
1.745000000000000000e+02
1.745000000000000000e+02
1.735000000000000000e+02
1.750000000000000000e+02
1.750000000000000000e+02
1.762500000000000000e+02
1.747500000000000000e+02
1.747500000000000000e+02
1.747500000000000000e+02
1.755000000000000000e+02
1.777500000000000000e+02
1.750000000000000000e+02
1.750000000000000000e+02
1.762500000000000000e+02
1.767500000000000000e+02
1.770000000000000000e+02
1.770000000000000000e+02
1.765000000000000000e+02
1.762500000000000000e+02
1.762500000000000000e+02
1.772500000000000000e+02
1.772500000000000000e+02
1.787500000000000000e+02
1.787500000000000000e+02
1.782500000000000000e+02
1.797500000000000000e+02
1.777500000000000000e+02
1.777500000000000000e+02
1.782500000000000000e+02
1.785000000000000000e+02
1.777500000000000000e+02
1.777500000000000000e+02
1.775000000000000000e+02
1.762500000000000000e+02
1.785000000000000000e+02
1.785000000000000000e+02
1.777500000000000000e+02
1.765000000000000000e+02
1.757500000000000000e+02
1.757500000000000000e+02
1.762500000000000000e+02
1.772500000000000000e+02
1.772500000000000000e+02
1.780000000000000000e+02
1.780000000000000000e+02
1.770000000000000000e+02
1.770000000000000000e+02
1.795000000000000000e+02
1.780000000000000000e+02
1.787500000000000000e+02
1.787500000000000000e+02
1.780000000000000000e+02
1.792500000000000000e+02
1.795000000000000000e+02
1.795000000000000000e+02
1.805000000000000000e+02
1.800000000000000000e+02
1.807500000000000000e+02
1.807500000000000000e+02
1.795000000000000000e+02
1.825000000000000000e+02
1.800000000000000000e+02
1.800000000000000000e+02
1.810000000000000000e+02
1.762500000000000000e+02
1.802500000000000000e+02
1.802500000000000000e+02
1.782500000000000000e+02
1.807500000000000000e+02
1.795000000000000000e+02
1.795000000000000000e+02
1.792500000000000000e+02
1.795000000000000000e+02
1.810000000000000000e+02
1.810000000000000000e+02
1.812500000000000000e+02
1.805000000000000000e+02
1.802500000000000000e+02
1.802500000000000000e+02
1.815000000000000000e+02
1.805000000000000000e+02
1.815000000000000000e+02
1.815000000000000000e+02
1.810000000000000000e+02
1.800000000000000000e+02
1.807500000000000000e+02
1.807500000000000000e+02
1.800000000000000000e+02
1.812500000000000000e+02
1.805000000000000000e+02
1.805000000000000000e+02
1.810000000000000000e+02
1.820000000000000000e+02
1.815000000000000000e+02
1.815000000000000000e+02
1.805000000000000000e+02
1.807500000000000000e+02
1.822500000000000000e+02
1.822500000000000000e+02
1.827500000000000000e+02
1.822500000000000000e+02
1.830000000000000000e+02
1.825000000000000000e+02
1.825000000000000000e+02
1.835000000000000000e+02
1.830000000000000000e+02
1.825000000000000000e+02
1.825000000000000000e+02
1.837500000000000000e+02
1.837500000000000000e+02
1.827500000000000000e+02
1.827500000000000000e+02
1.830000000000000000e+02
1.842500000000000000e+02
1.832500000000000000e+02
1.832500000000000000e+02
1.827500000000000000e+02
1.817500000000000000e+02
1.810000000000000000e+02
1.810000000000000000e+02
1.810000000000000000e+02
1.827500000000000000e+02
1.835000000000000000e+02
1.834795918367346985e+02
1.834591836734693970e+02
1.834387755102040956e+02
1.834183673469387656e+02
1.833979591836734642e+02
1.833775510204081627e+02
1.833571428571428612e+02
1.833367346938775597e+02
1.833163265306122582e+02
1.832959183673469283e+02
1.832755102040816269e+02
1.832551020408163254e+02
1.832346938775510239e+02
1.832142857142857224e+02
1.831938775510204209e+02
1.831734693877550910e+02
1.831530612244897895e+02
1.831326530612244881e+02
1.831122448979591866e+02
1.830918367346938851e+02
1.830714285714285836e+02
1.830510204081632537e+02
1.830306122448979522e+02
1.830102040816326507e+02
1.829897959183673493e+02
1.829693877551020478e+02
1.829489795918367463e+02
1.829285714285714164e+02
1.829081632653061149e+02
1.828877551020408134e+02
1.828673469387755119e+02
1.828469387755102105e+02
1.828265306122449090e+02
1.828061224489795791e+02
1.827857142857142776e+02
1.827653061224489761e+02
1.827448979591836746e+02
1.827244897959183731e+02
1.827040816326530717e+02
1.826836734693877418e+02
1.826632653061224403e+02
1.826428571428571388e+02
1.826224489795918373e+02
1.826020408163265358e+02
1.825816326530612344e+02
1.825612244897959044e+02
1.825408163265306030e+02
1.825204081632653015e+02
1.825000000000000000e+02
1.825000000000000000e+02
1.847500000000000000e+02
1.847500000000000000e+02
1.852500000000000000e+02
1.847500000000000000e+02
1.827500000000000000e+02
1.852500000000000000e+02
1.852500000000000000e+02
1.860000000000000000e+02
1.835000000000000000e+02
1.840000000000000000e+02
1.840000000000000000e+02
1.855000000000000000e+02
1.847500000000000000e+02
1.860000000000000000e+02
1.842500000000000000e+02
1.842500000000000000e+02
1.842500000000000000e+02
1.845000000000000000e+02
1.832500000000000000e+02
1.832500000000000000e+02
1.862500000000000000e+02
1.850000000000000000e+02
1.845000000000000000e+02
1.845000000000000000e+02
1.855000000000000000e+02
1.842500000000000000e+02
1.870000000000000000e+02
1.870000000000000000e+02
1.815000000000000000e+02
1.850000000000000000e+02
1.842500000000000000e+02
1.855000000000000000e+02
1.855000000000000000e+02
1.842500000000000000e+02
1.850000000000000000e+02
1.857500000000000000e+02
1.857500000000000000e+02
1.857500000000000000e+02
1.850000000000000000e+02
1.852500000000000000e+02
1.857500000000000000e+02
1.857500000000000000e+02
1.842500000000000000e+02
1.855000000000000000e+02
1.845000000000000000e+02
1.845000000000000000e+02
1.852500000000000000e+02
1.847500000000000000e+02
1.852500000000000000e+02
1.852500000000000000e+02
1.857500000000000000e+02
1.850000000000000000e+02
1.862500000000000000e+02
1.857500000000000000e+02
1.857500000000000000e+02
1.862500000000000000e+02
1.852500000000000000e+02
1.857500000000000000e+02
1.857500000000000000e+02
1.865000000000000000e+02
1.855000000000000000e+02
1.855000000000000000e+02
1.867500000000000000e+02
1.867500000000000000e+02
1.862500000000000000e+02
1.877500000000000000e+02
1.830000000000000000e+02
1.830000000000000000e+02
1.857500000000000000e+02
1.862500000000000000e+02
1.855000000000000000e+02
1.855000000000000000e+02
1.860000000000000000e+02
1.860000000000000000e+02
1.857500000000000000e+02
1.860000000000000000e+02
1.860000000000000000e+02
1.862500000000000000e+02
1.885000000000000000e+02
1.837500000000000000e+02
1.837500000000000000e+02
1.862500000000000000e+02
1.865000000000000000e+02
1.860000000000000000e+02
1.862500000000000000e+02
1.862500000000000000e+02
1.857500000000000000e+02
1.850000000000000000e+02
1.860000000000000000e+02
1.860000000000000000e+02
1.847500000000000000e+02
1.855000000000000000e+02
1.860000000000000000e+02
1.862500000000000000e+02
1.862500000000000000e+02
1.877500000000000000e+02
1.845000000000000000e+02
1.867500000000000000e+02
1.867500000000000000e+02
1.867500000000000000e+02
1.867500000000000000e+02
1.872500000000000000e+02
1.870000000000000000e+02
1.870000000000000000e+02
1.875000000000000000e+02
1.860000000000000000e+02
1.867500000000000000e+02
1.867500000000000000e+02
1.857500000000000000e+02
1.857500000000000000e+02
1.855000000000000000e+02
1.855000000000000000e+02
1.862500000000000000e+02
1.870000000000000000e+02
1.847500000000000000e+02
1.852500000000000000e+02
1.852500000000000000e+02
1.862500000000000000e+02
1.860000000000000000e+02
1.850000000000000000e+02
1.850000000000000000e+02
1.855000000000000000e+02
1.855000000000000000e+02
1.855000000000000000e+02
1.857500000000000000e+02
1.857500000000000000e+02
1.840000000000000000e+02
1.842500000000000000e+02
1.857500000000000000e+02
1.857500000000000000e+02
1.857500000000000000e+02
1.882500000000000000e+02
1.827500000000000000e+02
1.827500000000000000e+02
1.855000000000000000e+02
1.855000000000000000e+02
1.857500000000000000e+02
1.857500000000000000e+02
1.857500000000000000e+02
1.860000000000000000e+02
1.860000000000000000e+02
1.865000000000000000e+02
1.867500000000000000e+02
1.867500000000000000e+02
1.870000000000000000e+02
1.850000000000000000e+02
1.867500000000000000e+02
1.867500000000000000e+02
1.867500000000000000e+02
1.860000000000000000e+02
1.867500000000000000e+02
1.867500000000000000e+02
1.867500000000000000e+02
1.862500000000000000e+02
1.872500000000000000e+02
1.867500000000000000e+02
1.867500000000000000e+02
1.867500000000000000e+02
1.870000000000000000e+02
1.860000000000000000e+02
1.860000000000000000e+02
1.865000000000000000e+02
1.880000000000000000e+02
1.847500000000000000e+02
1.865000000000000000e+02
1.865000000000000000e+02
1.862500000000000000e+02
1.855000000000000000e+02
1.857500000000000000e+02
1.860000000000000000e+02
1.860000000000000000e+02
1.850000000000000000e+02
1.860000000000000000e+02
1.842500000000000000e+02
1.842500000000000000e+02
1.847500000000000000e+02
1.842500000000000000e+02
1.850000000000000000e+02
1.850000000000000000e+02
1.845000000000000000e+02
1.847500000000000000e+02
1.845000000000000000e+02
1.845000000000000000e+02
1.850000000000000000e+02
1.850000000000000000e+02
1.845000000000000000e+02
1.850000000000000000e+02
1.850000000000000000e+02
1.840000000000000000e+02
1.835000000000000000e+02
1.835000000000000000e+02
1.835000000000000000e+02
1.830000000000000000e+02
1.815000000000000000e+02
1.807500000000000000e+02
1.807500000000000000e+02
1.825000000000000000e+02
1.822500000000000000e+02
1.820000000000000000e+02
1.820000000000000000e+02
1.857500000000000000e+02
1.797500000000000000e+02
1.832500000000000000e+02
1.832500000000000000e+02
1.832500000000000000e+02
1.830000000000000000e+02
1.832500000000000000e+02
1.835000000000000000e+02
1.835000000000000000e+02
1.840000000000000000e+02
1.840000000000000000e+02
1.830000000000000000e+02
1.830000000000000000e+02
1.860000000000000000e+02
1.850000000000000000e+02
1.840000000000000000e+02
1.840000000000000000e+02
1.847500000000000000e+02
1.847500000000000000e+02
1.850000000000000000e+02
1.845000000000000000e+02
1.845000000000000000e+02
1.847500000000000000e+02
1.850000000000000000e+02
1.847500000000000000e+02
1.847500000000000000e+02
1.847500000000000000e+02
1.827500000000000000e+02
1.827500000000000000e+02
1.827500000000000000e+02
1.837500000000000000e+02
1.830000000000000000e+02
1.835000000000000000e+02
1.845000000000000000e+02
1.845000000000000000e+02
1.820000000000000000e+02
1.832500000000000000e+02
1.830000000000000000e+02
1.830000000000000000e+02
1.827500000000000000e+02
1.827500000000000000e+02
1.817500000000000000e+02
1.817500000000000000e+02
1.837500000000000000e+02
1.830000000000000000e+02
1.827500000000000000e+02
1.827500000000000000e+02
1.820000000000000000e+02
1.825000000000000000e+02
1.810000000000000000e+02
1.810000000000000000e+02
1.815000000000000000e+02
1.817500000000000000e+02
1.815000000000000000e+02
1.815000000000000000e+02
1.807500000000000000e+02
1.817500000000000000e+02
1.820000000000000000e+02
1.817500000000000000e+02
1.817500000000000000e+02
1.812500000000000000e+02
1.812500000000000000e+02
1.820000000000000000e+02
1.820000000000000000e+02
1.817500000000000000e+02
1.825000000000000000e+02
1.825000000000000000e+02
1.807500000000000000e+02
1.817500000000000000e+02
1.800000000000000000e+02
1.825000000000000000e+02
1.825000000000000000e+02
1.812500000000000000e+02
1.817500000000000000e+02
1.810000000000000000e+02
1.810000000000000000e+02
1.815000000000000000e+02
1.805000000000000000e+02
1.805000000000000000e+02
1.805000000000000000e+02
1.795000000000000000e+02
1.802500000000000000e+02
1.790000000000000000e+02
1.790000000000000000e+02
1.795000000000000000e+02
1.790000000000000000e+02
1.790000000000000000e+02
1.790000000000000000e+02
1.787500000000000000e+02
1.792500000000000000e+02
1.785000000000000000e+02
1.785000000000000000e+02
1.792500000000000000e+02
1.787500000000000000e+02
1.790000000000000000e+02
1.790000000000000000e+02
1.790000000000000000e+02
1.790000000000000000e+02
1.790000000000000000e+02
1.790000000000000000e+02
1.787500000000000000e+02
1.785000000000000000e+02
1.785000000000000000e+02
1.795000000000000000e+02
1.787500000000000000e+02
1.785000000000000000e+02
1.785000000000000000e+02
1.775000000000000000e+02
1.772500000000000000e+02
1.777500000000000000e+02
1.777500000000000000e+02
1.755000000000000000e+02
1.765000000000000000e+02
1.757500000000000000e+02
1.757500000000000000e+02
1.750000000000000000e+02
1.742500000000000000e+02
1.765000000000000000e+02
1.765000000000000000e+02
1.745000000000000000e+02
1.732500000000000000e+02
1.732500000000000000e+02
1.725000000000000000e+02
1.737500000000000000e+02
1.732500000000000000e+02
1.732500000000000000e+02
1.742500000000000000e+02
1.730000000000000000e+02
1.747500000000000000e+02
1.747500000000000000e+02
1.752500000000000000e+02
1.740000000000000000e+02
1.740000000000000000e+02
1.735000000000000000e+02
1.740000000000000000e+02
1.765000000000000000e+02
1.765000000000000000e+02
1.715000000000000000e+02
1.745000000000000000e+02
1.737500000000000000e+02
1.737500000000000000e+02
1.750000000000000000e+02
1.705000000000000000e+02
1.705000000000000000e+02
1.717500000000000000e+02
1.722500000000000000e+02
1.722500000000000000e+02
1.740000000000000000e+02
1.735000000000000000e+02
1.742500000000000000e+02
1.742500000000000000e+02
1.747500000000000000e+02
1.730000000000000000e+02
1.752500000000000000e+02
1.752500000000000000e+02
1.752500000000000000e+02
1.740000000000000000e+02
1.740000000000000000e+02
1.725000000000000000e+02
1.737500000000000000e+02
1.735000000000000000e+02
1.735000000000000000e+02
1.760000000000000000e+02
1.712500000000000000e+02
1.735000000000000000e+02
1.735000000000000000e+02
1.730000000000000000e+02
1.722500000000000000e+02
1.722500000000000000e+02
1.740000000000000000e+02
1.737500000000000000e+02
1.742500000000000000e+02
1.742500000000000000e+02
1.745000000000000000e+02
1.745000000000000000e+02
1.747500000000000000e+02
1.747500000000000000e+02
1.732500000000000000e+02
1.732500000000000000e+02
1.732500000000000000e+02
1.742500000000000000e+02
1.737500000000000000e+02
1.720000000000000000e+02
1.720000000000000000e+02
1.722500000000000000e+02
1.712500000000000000e+02
1.712500000000000000e+02
1.715000000000000000e+02
1.740000000000000000e+02
1.700000000000000000e+02
1.700000000000000000e+02
1.720000000000000000e+02
1.730000000000000000e+02
1.727500000000000000e+02
1.727500000000000000e+02
1.725000000000000000e+02
1.735000000000000000e+02
1.735000000000000000e+02
1.742500000000000000e+02
1.722500000000000000e+02
1.740000000000000000e+02
1.740000000000000000e+02
1.750000000000000000e+02
1.722500000000000000e+02
1.722500000000000000e+02
1.740000000000000000e+02
1.725000000000000000e+02
1.722500000000000000e+02
1.722500000000000000e+02
1.727500000000000000e+02
1.727500000000000000e+02
1.727500000000000000e+02
1.737500000000000000e+02
1.740000000000000000e+02
1.737500000000000000e+02
1.737500000000000000e+02
1.727500000000000000e+02
1.745000000000000000e+02
1.740000000000000000e+02
1.740000000000000000e+02
1.745000000000000000e+02
1.752500000000000000e+02
1.752500000000000000e+02
1.747500000000000000e+02
1.755000000000000000e+02
1.747500000000000000e+02
1.747500000000000000e+02
1.752500000000000000e+02
1.737500000000000000e+02
1.755000000000000000e+02
1.755000000000000000e+02
1.755000000000000000e+02
1.752500000000000000e+02
1.752500000000000000e+02
1.757500000000000000e+02
1.780000000000000000e+02
1.742500000000000000e+02
1.742500000000000000e+02
1.762500000000000000e+02
1.757500000000000000e+02
1.752500000000000000e+02
1.752500000000000000e+02
1.765000000000000000e+02
1.772500000000000000e+02
1.775000000000000000e+02
1.775000000000000000e+02
1.760000000000000000e+02
1.765000000000000000e+02
1.765000000000000000e+02
1.767500000000000000e+02
1.770000000000000000e+02
1.770000000000000000e+02
1.770000000000000000e+02
1.757500000000000000e+02
1.757500000000000000e+02
1.757500000000000000e+02
1.757500000000000000e+02
1.765000000000000000e+02
1.755000000000000000e+02
1.775000000000000000e+02
1.775000000000000000e+02
1.772500000000000000e+02
1.775000000000000000e+02
1.775000000000000000e+02
1.770000000000000000e+02
1.780000000000000000e+02
1.772500000000000000e+02
1.775000000000000000e+02
1.775000000000000000e+02
1.790000000000000000e+02
1.770000000000000000e+02
1.770000000000000000e+02
1.785000000000000000e+02
1.785000000000000000e+02
1.785000000000000000e+02
1.785000000000000000e+02
1.782500000000000000e+02
1.785000000000000000e+02
1.782500000000000000e+02
1.782500000000000000e+02
1.777500000000000000e+02
1.782500000000000000e+02
1.772500000000000000e+02
1.772500000000000000e+02
1.767500000000000000e+02
1.777500000000000000e+02
1.772500000000000000e+02
1.772500000000000000e+02
1.772500000000000000e+02
1.772500000000000000e+02
1.772500000000000000e+02
1.772500000000000000e+02
1.780000000000000000e+02
1.777500000000000000e+02
1.780000000000000000e+02
1.780000000000000000e+02
1.785000000000000000e+02
1.785000000000000000e+02
1.785000000000000000e+02
1.785000000000000000e+02
1.790000000000000000e+02
1.785000000000000000e+02
1.785000000000000000e+02
1.790000000000000000e+02
1.792500000000000000e+02
1.790000000000000000e+02
1.790000000000000000e+02
1.790000000000000000e+02
1.795000000000000000e+02
1.797500000000000000e+02
1.797500000000000000e+02
1.795000000000000000e+02
1.785000000000000000e+02
1.770000000000000000e+02
1.770000000000000000e+02
1.780000000000000000e+02
1.777500000000000000e+02
1.785000000000000000e+02
1.785000000000000000e+02
1.782500000000000000e+02
1.792500000000000000e+02
1.787500000000000000e+02
1.787500000000000000e+02
1.787500000000000000e+02
1.790000000000000000e+02
1.790000000000000000e+02
1.790000000000000000e+02
1.790000000000000000e+02
1.795000000000000000e+02
1.795000000000000000e+02
1.795000000000000000e+02
1.792500000000000000e+02
1.790000000000000000e+02
1.792500000000000000e+02
1.792500000000000000e+02
1.792500000000000000e+02
1.800000000000000000e+02
1.797500000000000000e+02
1.797500000000000000e+02
1.800000000000000000e+02
1.800000000000000000e+02
1.797500000000000000e+02
1.797500000000000000e+02
1.797500000000000000e+02
1.802500000000000000e+02
1.792500000000000000e+02
1.792500000000000000e+02
1.790000000000000000e+02
1.802500000000000000e+02
1.795000000000000000e+02
1.795000000000000000e+02
1.800000000000000000e+02
1.792500000000000000e+02
1.805000000000000000e+02
1.805000000000000000e+02
1.790000000000000000e+02
1.795000000000000000e+02
1.797500000000000000e+02
1.797500000000000000e+02
1.805000000000000000e+02
1.800000000000000000e+02
1.795000000000000000e+02
1.795000000000000000e+02
1.802500000000000000e+02
1.802500000000000000e+02
1.802500000000000000e+02
1.802500000000000000e+02
1.817500000000000000e+02
1.795000000000000000e+02
1.800000000000000000e+02
1.800000000000000000e+02
1.812500000000000000e+02
1.797500000000000000e+02
1.800000000000000000e+02
1.800000000000000000e+02
1.800000000000000000e+02
1.792500000000000000e+02
1.792500000000000000e+02
1.792500000000000000e+02
1.792500000000000000e+02
1.797500000000000000e+02
1.790000000000000000e+02
1.790000000000000000e+02
1.790000000000000000e+02
1.782500000000000000e+02
1.802500000000000000e+02
1.802500000000000000e+02
1.792500000000000000e+02
1.805000000000000000e+02
1.780000000000000000e+02
1.780000000000000000e+02
1.790000000000000000e+02
1.792500000000000000e+02
1.792500000000000000e+02
1.792500000000000000e+02
1.790000000000000000e+02
1.777500000000000000e+02
1.777500000000000000e+02
1.790000000000000000e+02
1.790000000000000000e+02
1.787500000000000000e+02
1.787500000000000000e+02
1.790000000000000000e+02
1.792500000000000000e+02
1.792500000000000000e+02
1.792500000000000000e+02
1.795000000000000000e+02
1.810000000000000000e+02
1.780000000000000000e+02
1.780000000000000000e+02
1.792500000000000000e+02
1.800000000000000000e+02
1.795000000000000000e+02
1.795000000000000000e+02
1.797500000000000000e+02
1.787500000000000000e+02
1.787500000000000000e+02
1.787500000000000000e+02
1.790000000000000000e+02
1.787500000000000000e+02
1.785000000000000000e+02
1.785000000000000000e+02
1.785000000000000000e+02
1.780000000000000000e+02
1.782500000000000000e+02
1.782500000000000000e+02
1.780000000000000000e+02
1.780000000000000000e+02
1.770000000000000000e+02
1.770000000000000000e+02
1.787500000000000000e+02
1.782500000000000000e+02
1.782500000000000000e+02
1.782500000000000000e+02
1.782500000000000000e+02
1.782500000000000000e+02
1.787500000000000000e+02
1.787500000000000000e+02
1.790000000000000000e+02
1.787500000000000000e+02
1.787500000000000000e+02
1.790000000000000000e+02
1.785000000000000000e+02
1.790000000000000000e+02
1.790000000000000000e+02
1.792500000000000000e+02
1.785000000000000000e+02
1.762500000000000000e+02
1.762500000000000000e+02
1.787500000000000000e+02
1.777500000000000000e+02
1.787500000000000000e+02
1.787500000000000000e+02
1.785000000000000000e+02
1.777500000000000000e+02
1.785000000000000000e+02
1.785000000000000000e+02
1.785000000000000000e+02
1.777500000000000000e+02
1.770000000000000000e+02
1.770000000000000000e+02
1.787500000000000000e+02
1.785000000000000000e+02
1.790000000000000000e+02
1.790000000000000000e+02
1.787500000000000000e+02
1.797500000000000000e+02
1.800000000000000000e+02
1.800000000000000000e+02
1.790000000000000000e+02
1.797500000000000000e+02
1.790000000000000000e+02
1.790000000000000000e+02
1.795000000000000000e+02
1.805000000000000000e+02
1.800000000000000000e+02
1.800000000000000000e+02
1.802500000000000000e+02
1.802500000000000000e+02
1.795000000000000000e+02
1.795000000000000000e+02
1.817500000000000000e+02
1.787500000000000000e+02
1.787500000000000000e+02
1.812500000000000000e+02
1.800000000000000000e+02
1.807500000000000000e+02
1.807500000000000000e+02
1.832500000000000000e+02
1.782500000000000000e+02
1.817500000000000000e+02
1.812500000000000000e+02
1.812500000000000000e+02
1.807500000000000000e+02
1.815000000000000000e+02
1.812500000000000000e+02
1.812500000000000000e+02
1.812500000000000000e+02
1.810000000000000000e+02
1.822500000000000000e+02
1.822500000000000000e+02
1.802500000000000000e+02
1.815000000000000000e+02
1.820000000000000000e+02
1.820000000000000000e+02
1.807500000000000000e+02
1.800000000000000000e+02
1.817500000000000000e+02
1.817500000000000000e+02
1.822500000000000000e+02
1.805000000000000000e+02
1.815000000000000000e+02
1.815000000000000000e+02
1.817500000000000000e+02
1.805000000000000000e+02
1.805000000000000000e+02
1.805000000000000000e+02
1.815000000000000000e+02
1.805000000000000000e+02
1.802500000000000000e+02
1.802500000000000000e+02
1.812500000000000000e+02
1.802500000000000000e+02
1.807500000000000000e+02
1.807500000000000000e+02
1.797500000000000000e+02
1.800000000000000000e+02
1.770000000000000000e+02
1.770000000000000000e+02
1.782500000000000000e+02
1.772500000000000000e+02
1.775000000000000000e+02
1.775000000000000000e+02
1.775000000000000000e+02
1.777500000000000000e+02
1.782500000000000000e+02
1.782500000000000000e+02
1.772500000000000000e+02
1.757500000000000000e+02
1.775000000000000000e+02
1.775000000000000000e+02
1.767500000000000000e+02
1.770000000000000000e+02
1.767500000000000000e+02
1.767500000000000000e+02
1.750000000000000000e+02
1.782500000000000000e+02
1.782500000000000000e+02
1.765000000000000000e+02
1.762500000000000000e+02
1.765000000000000000e+02
1.765000000000000000e+02
1.767500000000000000e+02
1.767500000000000000e+02
1.760000000000000000e+02
1.760000000000000000e+02
1.760000000000000000e+02
1.755000000000000000e+02
1.755000000000000000e+02
1.822500000000000000e+02
1.685000000000000000e+02
1.732500000000000000e+02
1.732500000000000000e+02
1.732500000000000000e+02
1.750000000000000000e+02
1.742500000000000000e+02
1.742500000000000000e+02
1.752500000000000000e+02
1.730000000000000000e+02
1.737500000000000000e+02
1.737500000000000000e+02
1.750000000000000000e+02
1.730000000000000000e+02
1.730000000000000000e+02
1.747500000000000000e+02
1.750000000000000000e+02
1.742500000000000000e+02
1.742500000000000000e+02
1.737500000000000000e+02
1.735000000000000000e+02
1.740000000000000000e+02
1.740000000000000000e+02
1.732500000000000000e+02
1.745000000000000000e+02
1.745000000000000000e+02
1.727500000000000000e+02
1.730000000000000000e+02
1.720000000000000000e+02
1.720000000000000000e+02
1.715000000000000000e+02
1.712500000000000000e+02
1.712500000000000000e+02
1.717500000000000000e+02
1.702500000000000000e+02
1.722500000000000000e+02
1.722500000000000000e+02
1.717500000000000000e+02
1.717500000000000000e+02
1.717500000000000000e+02
1.717500000000000000e+02
